00001 11/03/1996 04 05 30 33 41 52
00002 18/03/1996 09 37 39 41 43 49
00003 25/03/1996 10 11 29 30 36 47
00004 01/04/1996 01 05 06 27 42 59
00005 08/04/1996 01 02 06 16 19 46
00006 15/04/1996 07 13 19 22 40 47
00007 22/04/1996 03 05 20 21 38 56
00008 29/04/1996 04 17 37 38 47 53
00009 06/05/1996 08 43 54 55 56 60
00010 13/05/1996 04 18 21 25 38 57
00011 20/05/1996 15 25 37 38 58 59
00012 27/05/1996 04 16 19 20 27 43
00013 03/06/1996 18 32 47 50 54 56
00014 10/06/1996 02 16 23 27 47 53
00015 17/06/1996 12 33 35 51 52 60
00016 24/06/1996 20 32 34 49 58 60
00017 01/07/1996 06 10 13 19 20 51
00018 08/07/1996 23 27 36 37 42 56
00019 15/07/1996 05 10 12 24 25 60
00020 22/07/1996 11 25 28 30 33 51
00021 29/07/1996 06 33 36 46 49 53
00022 05/08/1996 01 09 31 38 46 56
00023 12/08/1996 17 37 39 51 52 59
00024 19/08/1996 01 08 14 28 33 43
00025 25/08/1996 24 43 50 54 55 56
00026 01/09/1996 10 22 50 53 57 58
00027 08/09/1996 13 17 20 33 44 51
00028 15/09/1996 03 06 22 24 54 60
00029 22/09/1996 03 08 14 43 56 58
00030 29/09/1996 07 14 15 29 38 50
00031 06/10/1996 17 19 28 45 48 56
00032 13/10/1996 05 14 33 36 43 44
00033 20/10/1996 05 17 33 39 42 49
00034 27/10/1996 13 15 17 40 53 57
00035 03/11/1996 04 16 21 23 54 57
00036 10/11/1996 03 13 17 25 29 51
00037 17/11/1996 06 07 22 38 52 60
00038 24/11/1996 10 42 43 45 54 55
00039 01/12/1996 12 16 37 45 52 56
00040 08/12/1996 03 05 08 12 46 47
00041 15/12/1996 12 26 35 38 39 47
00042 22/12/1996 07 11 19 24 33 36
00043 29/12/1996 02 06 17 25 26 58
00044 05/01/1997 14 18 29 38 44 47
00045 12/01/1997 07 30 37 44 53 55
00046 19/01/1997 01 23 24 32 46 60
00047 26/01/1997 03 17 25 35 48 56
00048 02/02/1997 02 05 28 34 47 50
00049 09/02/1997 07 13 33 35 43 55
00050 16/02/1997 06 16 21 44 57 58
00051 23/02/1997 17 23 24 25 42 47
00052 02/03/1997 15 30 38 46 58 59
00053 09/03/1997 03 13 16 38 42 46
00054 16/03/1997 05 09 18 21 36 56
00055 23/03/1997 02 14 23 29 38 52
00056 30/03/1997 02 07 20 35 51 59
00057 06/04/1997 07 16 17 27 34 59
00058 13/04/1997 12 27 30 37 44 49
00059 20/04/1997 02 08 13 28 34 54
00060 27/04/1997 03 14 15 20 21 38
00061 04/05/1997 08 18 29 42 44 59
00062 11/05/1997 06 08 13 24 31 52
00063 18/05/1997 09 25 26 40 41 49
00064 25/05/1997 08 12 23 50 54 60
00065 01/06/1997 01 05 20 25 32 34
00066 08/06/1997 12 13 15 26 33 48
00067 15/06/1997 12 14 17 27 47 52
00068 22/06/1997 01 03 12 13 53 59
00069 29/06/1997 25 34 45 53 56 58
00070 06/07/1997 17 23 27 40 43 58
00071 13/07/1997 16 27 33 43 45 53
00072 20/07/1997 01 19 34 43 44 48
00073 27/07/1997 25 26 28 45 51 57
00074 03/08/1997 02 24 34 37 38 50
00075 10/08/1997 21 24 35 36 37 49
00076 17/08/1997 08 17 18 23 33 53
00077 24/08/1997 21 29 40 49 54 57
00078 31/08/1997 12 22 25 31 32 46
00079 07/09/1997 02 13 17 25 31 43
00080 14/09/1997 23 28 37 40 48 51
00081 21/09/1997 10 23 41 47 54 60
00082 28/09/1997 15 18 29 36 51 53
00083 05/10/1997 04 15 16 24 42 57
00084 12/10/1997 04 06 10 25 34 40
00085 19/10/1997 06 15 30 37 45 47
00086 26/10/1997 06 21 22 34 36 54
00087 02/11/1997 04 05 11 28 32 40
00088 09/11/1997 04 18 29 37 43 45
00089 16/11/1997 13 34 42 44 55 59
00090 23/11/1997 09 21 26 40 52 54
00091 30/11/1997 02 04 10 35 39 60
00092 07/12/1997 01 03 05 23 24 51
00093 14/12/1997 02 22 28 31 36 53
00094 21/12/1997 08 18 28 51 52 55
00095 28/12/1997 06 40 45 46 50 60
00096 04/01/1998 04 07 26 40 42 58
00097 11/01/1998 05 11 14 35 53 56
00098 18/01/1998 13 14 31 33 35 43
00099 25/01/1998 11 24 30 33 46 60
00100 01/02/1998 14 29 30 46 48 51
00101 08/02/1998 01 18 29 31 37 39
00102 15/02/1998 19 20 37 42 44 56
00103 22/02/1998 01 07 09 49 54 57
00104 01/03/1998 01 04 13 21 38 52
00105 08/03/1998 03 13 31 43 46 49
00106 15/03/1998 05 16 24 35 38 39
00107 22/03/1998 02 04 16 24 51 52
00108 29/03/1998 21 24 29 34 59 60
00109 04/04/1998 01 13 44 48 49 54
00110 11/04/1998 18 31 43 52 57 58
00111 18/04/1998 04 22 25 32 33 52
00112 25/04/1998 12 20 34 37 42 43
00113 02/05/1998 07 26 28 34 54 55
00114 09/05/1998 06 12 18 37 47 54
00115 16/05/1998 04 06 14 20 24 38
00116 23/05/1998 05 13 32 36 42 51
00117 30/05/1998 20 25 27 33 42 53
00118 06/06/1998 09 22 25 37 56 57
00119 13/06/1998 01 21 36 38 47 50
00120 20/06/1998 03 16 27 40 45 46
00121 27/06/1998 02 29 41 44 53 55
00122 04/07/1998 11 17 20 39 43 53
00123 11/07/1998 13 14 16 26 32 42
00124 18/07/1998 05 15 34 41 52 57
00125 25/07/1998 25 41 47 53 56 59
00126 01/08/1998 06 10 11 28 32 40
00127 08/08/1998 21 29 50 51 54 59
00128 15/08/1998 03 09 18 21 23 43
00129 22/08/1998 01 09 10 32 46 54
00130 29/08/1998 13 29 38 42 49 53
00131 05/09/1998 04 09 17 27 30 44
00132 12/09/1998 07 09 35 41 44 50
00133 19/09/1998 05 06 19 34 39 57
00134 26/09/1998 04 25 32 36 52 60
00135 03/10/1998 21 22 35 40 53 59
00136 10/10/1998 01 17 25 38 45 59
00137 17/10/1998 15 16 19 22 26 49
00138 24/10/1998 05 14 27 37 40 41
00139 31/10/1998 03 13 26 27 41 42
00140 07/11/1998 07 31 41 44 46 55
00141 14/11/1998 10 13 22 41 42 58
00142 21/11/1998 08 15 19 20 54 59
00143 28/11/1998 06 18 20 40 50 53
00144 05/12/1998 08 32 36 44 45 55
00145 12/12/1998 15 16 31 41 43 51
00146 19/12/1998 25 32 34 42 51 60
00147 24/12/1998 06 16 23 24 28 38
00148 31/12/1998 32 35 41 55 58 59
00149 09/01/1999 07 11 20 28 45 48
00150 16/01/1999 12 44 50 52 54 55
00151 23/01/1999 03 16 20 43 52 56
00152 30/01/1999 05 12 15 29 51 58
00153 06/02/1999 02 30 31 42 45 47
00154 13/02/1999 08 10 24 33 45 48
00155 20/02/1999 12 30 32 35 43 44
00156 27/02/1999 17 23 42 49 52 55
00157 06/03/1999 04 13 17 21 41 44
00158 13/03/1999 04 14 17 43 51 58
00159 20/03/1999 09 11 16 35 50 58
00160 27/03/1999 02 13 42 52 54 58
00161 03/04/1999 06 25 30 37 39 41
00162 10/04/1999 21 23 33 38 48 51
00163 17/04/1999 08 27 36 41 53 56
00164 24/04/1999 04 10 14 19 28 44
00165 01/05/1999 10 19 23 35 39 56
00166 08/05/1999 12 13 22 57 59 60
00167 15/05/1999 01 11 28 33 38 48
00168 22/05/1999 02 09 31 35 45 50
00169 29/05/1999 01 13 21 37 51 52
00170 05/06/1999 07 41 46 51 55 58
00171 12/06/1999 04 27 40 43 46 54
00172 19/06/1999 10 14 26 35 36 49
00173 26/06/1999 17 28 29 42 49 50
00174 03/07/1999 11 22 23 36 52 59
00175 10/07/1999 01 10 13 20 42 50
00176 17/07/1999 01 03 04 28 45 53
00177 24/07/1999 22 35 38 39 41 59
00178 31/07/1999 05 15 19 26 27 33
00179 07/08/1999 05 06 23 26 27 53
00180 14/08/1999 06 23 29 39 51 60
00181 21/08/1999 01 27 33 35 51 55
00182 28/08/1999 03 05 10 28 46 60
00183 04/09/1999 02 07 11 16 40 44
00184 11/09/1999 09 16 21 34 41 60
00185 18/09/1999 17 22 43 46 55 59
00186 25/09/1999 14 23 24 25 26 51
00187 02/10/1999 06 36 41 44 48 58
00188 10/10/1999 17 27 34 42 43 46
00189 16/10/1999 04 15 31 38 41 53
00190 24/10/1999 05 10 21 32 40 42
00191 31/10/1999 01 03 05 23 41 58
00192 06/11/1999 01 26 28 41 54 60
00193 13/11/1999 04 11 12 19 43 49
00194 20/11/1999 25 28 32 33 42 43
00195 27/11/1999 03 09 17 32 37 44
00196 04/12/1999 07 09 14 17 24 32
00197 11/12/1999 05 12 15 19 29 52
00198 18/12/1999 01 08 18 23 35 40
00199 24/12/1999 10 16 37 50 52 57
00200 31/12/1999 12 15 19 34 44 51
00201 08/01/2000 05 20 22 30 35 55
00202 15/01/2000 12 24 44 45 49 53
00203 22/01/2000 11 19 29 44 47 55
00204 29/01/2000 29 31 39 41 51 58
00205 05/02/2000 26 32 40 43 46 54
00206 12/02/2000 18 20 26 34 51 56
00207 19/02/2000 03 07 19 24 53 55
00208 26/02/2000 15 23 24 25 47 57
00209 04/03/2000 13 21 26 32 41 52
00210 11/03/2000 20 32 37 38 48 58
00211 18/03/2000 10 20 33 40 45 50
00212 25/03/2000 06 15 29 45 57 59
00213 01/04/2000 03 09 23 30 32 35
00214 08/04/2000 06 12 30 31 35 50
00215 15/04/2000 07 28 37 46 53 58
00216 22/04/2000 14 18 30 35 42 59
00217 29/04/2000 03 27 32 45 49 51
00218 06/05/2000 12 17 40 42 47 54
00219 13/05/2000 23 26 28 36 42 49
00220 20/05/2000 13 14 36 53 55 60
00221 27/05/2000 13 27 43 50 54 58
00222 03/06/2000 05 19 30 48 52 55
00223 10/06/2000 02 06 22 24 28 58
00224 17/06/2000 07 16 18 20 21 44
00225 24/06/2000 02 04 16 21 37 58
00226 01/07/2000 01 02 38 49 50 59
00227 08/07/2000 11 26 27 37 42 48
00228 15/07/2000 13 16 40 43 45 59
00229 22/07/2000 11 13 21 33 39 45
00230 29/07/2000 08 40 41 44 53 56
00231 05/08/2000 16 27 36 42 44 59
00232 12/08/2000 19 22 29 37 41 59
00233 19/08/2000 03 07 24 32 36 45
00234 26/08/2000 15 25 41 42 45 54
00235 02/09/2000 02 22 29 31 41 55
00236 09/09/2000 10 25 50 52 57 60
00237 16/09/2000 07 31 36 45 56 57
00238 23/09/2000 09 13 15 37 41 42
00239 30/09/2000 06 21 33 44 46 47
00240 07/10/2000 25 28 38 41 57 59
00241 14/10/2000 11 31 35 40 56 57
00242 21/10/2000 04 07 21 22 28 56
00243 28/10/2000 11 16 20 23 32 47
00244 04/11/2000 19 24 33 47 50 60
00245 11/11/2000 08 27 44 51 53 60
00246 18/11/2000 02 16 32 37 43 57
00247 25/11/2000 03 10 23 30 34 46
00248 02/12/2000 16 32 34 35 41 56
00249 09/12/2000 21 36 40 49 54 55
00250 16/12/2000 07 25 41 42 43 55
00251 23/12/2000 15 23 30 34 49 55
00252 30/12/2000 04 17 26 32 51 54
00253 06/01/2001 11 12 24 37 44 56
00254 13/01/2001 01 04 21 22 30 56
00255 20/01/2001 16 19 20 32 44 55
00256 27/01/2001 02 21 26 32 34 52
00257 03/02/2001 01 04 05 19 28 34
00258 10/02/2001 07 12 50 54 55 60
00259 17/02/2001 13 15 20 33 43 58
00260 24/02/2001 04 06 33 43 59 60
00261 03/03/2001 05 16 20 30 54 56
00262 10/03/2001 11 20 48 53 58 60
00263 17/03/2001 08 09 26 43 50 53
00264 24/03/2001 01 05 13 25 31 33
00265 31/03/2001 07 16 34 41 50 53
00266 07/04/2001 02 23 38 46 48 54
00267 14/04/2001 01 08 45 46 55 58
00268 21/04/2001 05 06 10 21 33 47
00269 28/04/2001 17 18 19 25 49 52
00270 05/05/2001 05 09 27 35 40 45
00271 12/05/2001 14 24 26 29 31 54
00272 19/05/2001 09 10 24 36 56 58
00273 26/05/2001 10 17 23 27 47 52
00274 02/06/2001 11 13 18 26 39 47
00275 09/06/2001 16 19 30 37 38 48
00276 16/06/2001 22 39 45 53 57 59
00277 23/06/2001 04 26 38 40 52 56
00278 30/06/2001 10 15 18 22 31 55
00279 07/07/2001 04 23 31 47 58 59
00280 14/07/2001 05 16 20 25 30 58
00281 21/07/2001 05 11 31 38 47 53
00282 28/07/2001 09 14 23 24 33 36
00283 01/08/2001 25 28 34 42 48 54
00284 04/08/2001 07 08 14 30 32 36
00285 08/08/2001 12 32 37 41 50 56
00286 11/08/2001 29 35 37 44 47 56
00287 15/08/2001 03 13 25 33 47 60
00288 18/08/2001 06 09 11 17 18 50
00289 22/08/2001 06 07 20 25 30 36
00290 25/08/2001 07 25 26 30 40 57
00291 29/08/2001 05 16 17 18 22 41
00292 01/09/2001 13 23 24 34 45 53
00293 05/09/2001 05 06 07 12 28 35
00294 08/09/2001 22 25 28 41 45 57
00295 12/09/2001 07 12 24 31 44 50
00296 15/09/2001 03 20 42 46 51 52
00297 19/09/2001 01 20 28 33 36 41
00298 22/09/2001 05 22 23 24 34 60
00299 26/09/2001 02 05 07 33 49 53
00300 29/09/2001 24 27 28 38 41 57
00301 03/10/2001 09 26 48 49 57 58
00302 06/10/2001 12 25 30 40 41 60
00303 10/10/2001 07 13 17 30 37 47
00304 13/10/2001 07 11 34 41 42 59
00305 17/10/2001 05 11 27 38 53 60
00306 20/10/2001 19 30 41 47 56 57
00307 24/10/2001 13 16 17 26 41 44
00308 27/10/2001 04 11 25 29 39 55
00309 31/10/2001 04 11 25 39 50 55
00310 03/11/2001 02 14 28 29 31 32
00311 07/11/2001 22 24 30 32 38 41
00312 10/11/2001 14 23 30 41 47 50
00313 14/11/2001 14 16 24 37 38 53
00314 17/11/2001 05 32 34 37 40 58
00315 21/11/2001 12 21 22 28 43 50
00316 24/11/2001 06 24 28 43 51 56
00317 28/11/2001 16 20 27 30 35 48
00318 01/12/2001 03 19 20 31 40 53
00319 05/12/2001 12 16 17 19 23 48
00320 08/12/2001 20 22 27 47 50 53
00321 12/12/2001 04 11 31 32 48 49
00322 15/12/2001 11 18 29 44 47 56
00323 19/12/2001 26 31 33 40 49 54
00324 22/12/2001 08 15 22 25 30 47
00325 29/12/2001 01 03 04 21 23 53
00326 05/01/2002 21 23 40 44 51 52
00327 09/01/2002 29 32 33 38 46 48
00328 12/01/2002 05 07 14 21 23 51
00329 16/01/2002 10 11 12 24 35 40
00330 19/01/2002 02 04 14 23 37 51
00331 23/01/2002 01 13 20 27 35 37
00332 26/01/2002 23 28 29 34 42 44
00333 30/01/2002 04 27 35 44 52 53
00334 02/02/2002 14 23 24 26 41 51
00335 06/02/2002 07 23 33 43 57 59
00336 09/02/2002 02 18 22 26 30 54
00337 16/02/2002 04 14 16 31 52 54
00338 20/02/2002 01 04 09 36 46 48
00339 23/02/2002 05 12 13 16 27 50
00340 27/02/2002 09 10 12 33 42 60
00341 02/03/2002 05 16 22 23 43 56
00342 06/03/2002 16 29 34 49 51 54
00343 09/03/2002 04 06 07 12 24 41
00344 13/03/2002 10 12 14 33 35 36
00345 16/03/2002 11 22 46 51 56 58
00346 20/03/2002 07 12 41 46 56 60
00347 23/03/2002 01 10 12 26 48 52
00348 27/03/2002 19 30 33 39 40 52
00349 30/03/2002 08 09 28 32 38 54
00350 03/04/2002 10 15 23 30 43 57
00351 06/04/2002 15 16 24 41 59 60
00352 10/04/2002 07 20 25 44 47 49
00353 13/04/2002 19 23 30 46 55 60
00354 17/04/2002 07 16 38 40 41 52
00355 20/04/2002 02 14 22 23 37 60
00356 24/04/2002 05 19 21 54 56 58
00357 27/04/2002 02 30 32 35 45 53
00358 04/05/2002 12 17 21 32 40 42
00359 08/05/2002 13 19 20 29 31 54
00360 11/05/2002 23 24 29 47 53 55
00361 15/05/2002 16 28 31 41 45 59
00362 18/05/2002 07 20 33 37 46 56
00363 22/05/2002 19 29 39 47 49 54
00364 25/05/2002 05 29 44 51 57 59
00365 29/05/2002 19 23 34 37 52 58
00366 01/06/2002 04 06 07 15 21 51
00367 05/06/2002 10 12 27 33 49 52
00368 08/06/2002 13 29 32 38 44 50
00369 12/06/2002 01 14 21 35 42 60
00370 15/06/2002 01 04 40 42 51 54
00371 19/06/2002 04 18 23 33 39 60
00372 22/06/2002 16 17 24 39 46 57
00373 26/06/2002 01 05 10 24 31 33
00374 29/06/2002 02 05 16 26 44 54
00375 03/07/2002 01 05 09 42 51 58
00376 06/07/2002 10 13 25 35 43 48
00377 10/07/2002 03 12 19 27 45 46
00378 13/07/2002 05 38 41 45 48 55
00379 17/07/2002 24 33 40 41 55 59
00380 20/07/2002 13 22 30 31 47 57
00381 24/07/2002 09 10 28 46 55 56
00382 27/07/2002 31 34 37 38 53 54
00383 31/07/2002 14 22 48 50 53 56
00384 03/08/2002 24 28 40 47 50 52
00385 07/08/2002 05 12 16 18 22 24
00386 10/08/2002 17 35 36 39 43 54
00387 14/08/2002 22 28 29 43 47 48
00388 17/08/2002 23 36 48 52 53 58
00389 21/08/2002 05 14 18 43 46 54
00390 24/08/2002 07 12 22 34 38 53
00391 28/08/2002 04 07 15 16 35 40
00392 31/08/2002 15 23 31 39 47 49
00393 04/09/2002 06 12 35 36 40 50
00394 07/09/2002 05 15 35 42 45 49
00395 11/09/2002 10 11 14 20 31 58
00396 14/09/2002 06 18 34 42 45 47
00397 18/09/2002 01 02 05 24 32 46
00398 21/09/2002 07 16 22 28 36 37
00399 25/09/2002 11 16 27 47 55 59
00400 28/09/2002 10 13 28 29 54 59
00401 02/10/2002 11 18 43 44 50 53
00402 05/10/2002 05 16 27 43 56 58
00403 09/10/2002 07 16 27 31 46 60
00404 12/10/2002 01 24 28 38 40 58
00405 16/10/2002 24 29 34 47 57 60
00406 19/10/2002 02 12 32 38 47 48
00407 23/10/2002 02 18 22 49 51 57
00408 26/10/2002 14 28 33 44 49 56
00409 30/10/2002 18 25 26 31 34 49
00410 02/11/2002 08 24 31 36 38 55
00411 06/11/2002 10 12 31 38 45 56
00412 09/11/2002 05 12 14 21 45 59
00413 13/11/2002 02 04 29 33 35 53
00414 16/11/2002 16 26 35 45 52 58
00415 20/11/2002 01 04 27 38 42 44
00416 23/11/2002 01 13 23 33 54 56
00417 27/11/2002 07 12 21 25 34 42
00418 30/11/2002 08 15 32 45 49 52
00419 04/12/2002 09 16 41 42 52 53
00420 07/12/2002 12 29 30 43 57 59
00421 11/12/2002 05 35 37 38 45 51
00422 14/12/2002 12 37 43 55 56 60
00423 18/12/2002 08 22 32 33 40 53
00424 21/12/2002 18 27 29 36 46 59
00425 28/12/2002 06 10 16 34 42 47
00426 04/01/2003 07 30 32 37 50 54
00427 08/01/2003 03 13 14 24 43 51
00428 11/01/2003 08 28 30 32 46 60
00429 15/01/2003 17 26 32 36 43 55
00430 18/01/2003 08 10 21 25 38 50
00431 22/01/2003 26 37 40 47 52 58
00432 25/01/2003 04 13 17 27 39 50
00433 29/01/2003 16 17 28 30 36 54
00434 01/02/2003 04 10 17 24 30 54
00435 05/02/2003 10 11 17 31 37 43
00436 08/02/2003 01 06 07 29 48 57
00437 12/02/2003 07 10 30 44 54 59
00438 15/02/2003 03 05 11 14 38 48
00439 19/02/2003 13 20 29 42 43 57
00440 22/02/2003 03 05 23 30 46 47
00441 26/02/2003 02 10 15 21 58 59
00442 01/03/2003 06 15 23 31 37 59
00443 08/03/2003 11 17 26 36 48 52
00444 12/03/2003 03 24 33 48 52 57
00445 15/03/2003 07 20 31 32 50 53
00446 19/03/2003 08 11 12 17 20 47
00447 22/03/2003 15 24 25 33 42 55
00448 26/03/2003 03 05 09 45 51 52
00449 29/03/2003 01 08 24 34 49 56
00450 02/04/2003 01 09 13 50 51 59
00451 05/04/2003 17 18 23 28 31 53
00452 09/04/2003 11 16 30 36 51 54
00453 12/04/2003 08 20 23 34 52 58
00454 16/04/2003 04 17 24 42 46 56
00455 19/04/2003 02 14 15 17 50 59
00456 23/04/2003 03 17 22 27 33 40
00457 26/04/2003 15 17 24 27 32 48
00458 30/04/2003 13 24 32 34 43 53
00459 03/05/2003 08 15 17 39 43 49
00460 07/05/2003 19 23 30 37 49 55
00461 10/05/2003 15 17 20 29 30 60
00462 14/05/2003 17 19 22 26 27 48
00463 17/05/2003 02 03 07 18 45 53
00464 21/05/2003 06 24 33 38 45 50
00465 24/05/2003 01 22 31 46 51 57
00466 28/05/2003 11 16 28 29 30 45
00467 31/05/2003 08 18 21 22 38 60
00468 04/06/2003 05 06 23 25 39 51
00469 07/06/2003 13 21 26 29 42 47
00470 11/06/2003 08 11 23 37 51 58
00471 14/06/2003 05 31 32 36 51 59
00472 18/06/2003 03 04 12 29 38 51
00473 21/06/2003 07 23 41 49 51 58
00474 25/06/2003 03 12 32 34 40 50
00475 28/06/2003 06 08 19 22 43 52
00476 02/07/2003 17 20 38 43 55 58
00477 05/07/2003 06 08 18 34 38 47
00478 09/07/2003 03 08 21 25 30 31
00479 12/07/2003 20 26 41 46 54 58
00480 16/07/2003 14 33 36 38 41 49
00481 19/07/2003 06 13 22 24 42 44
00482 23/07/2003 12 13 33 53 54 56
00483 26/07/2003 16 18 23 35 44 59
00484 30/07/2003 17 18 19 38 49 53
00485 02/08/2003 19 28 30 38 52 57
00486 06/08/2003 08 14 19 30 42 50
00487 09/08/2003 08 22 25 48 52 54
00488 13/08/2003 15 30 35 39 43 57
00489 16/08/2003 17 28 33 36 53 59
00490 20/08/2003 05 11 23 29 54 58
00491 23/08/2003 01 09 15 22 43 55
00492 27/08/2003 02 06 15 18 56 57
00493 30/08/2003 03 18 20 24 42 54
00494 03/09/2003 18 20 28 32 49 53
00495 06/09/2003 08 15 29 36 49 60
00496 10/09/2003 10 19 20 29 41 59
00497 13/09/2003 09 13 20 32 41 58
00498 17/09/2003 02 06 28 49 50 57
00499 20/09/2003 01 04 05 11 44 59
00500 27/09/2003 21 29 35 36 38 54
00501 01/10/2003 16 27 28 34 39 56
00502 04/10/2003 07 13 21 24 33 50
00503 08/10/2003 07 10 21 27 48 49
00504 11/10/2003 08 11 19 30 39 50
00505 15/10/2003 03 20 28 46 47 52
00506 18/10/2003 04 15 31 34 37 38
00507 22/10/2003 03 05 27 33 44 58
00508 25/10/2003 05 10 15 45 46 56
00509 29/10/2003 28 32 33 34 35 55
00510 01/11/2003 01 04 30 41 45 58
00511 05/11/2003 03 04 08 34 36 37
00512 08/11/2003 04 08 31 40 53 58
00513 12/11/2003 10 19 27 33 39 46
00514 15/11/2003 15 36 40 42 51 52
00515 19/11/2003 15 16 39 45 48 57
00516 22/11/2003 05 13 24 33 34 35
00517 26/11/2003 07 08 28 32 38 51
00518 29/11/2003 05 08 10 15 18 44
00519 03/12/2003 09 15 19 22 36 42
00520 06/12/2003 09 12 17 32 34 35
00521 10/12/2003 15 25 28 32 38 45
00522 13/12/2003 06 14 15 25 49 52
00523 17/12/2003 28 39 40 44 45 58
00524 20/12/2003 19 29 34 41 47 48
00525 27/12/2003 08 10 24 26 32 49
00526 03/01/2004 03 21 31 36 55 59
00527 07/01/2004 06 14 17 26 50 52
00528 10/01/2004 08 12 28 31 34 37
00529 14/01/2004 01 13 33 38 45 56
00530 17/01/2004 01 06 21 25 32 49
00531 21/01/2004 01 03 07 18 35 50
00532 24/01/2004 04 09 12 13 52 53
00533 28/01/2004 13 18 21 27 53 59
00534 31/01/2004 03 08 23 31 48 57
00535 04/02/2004 06 14 28 47 49 56
00536 07/02/2004 14 15 22 23 25 37
00537 11/02/2004 03 07 19 34 37 39
00538 14/02/2004 03 25 43 45 52 56
00539 18/02/2004 06 16 19 47 50 55
00540 21/02/2004 04 22 28 30 44 49
00541 28/02/2004 13 27 49 52 57 58
00542 03/03/2004 04 06 19 28 35 49
00543 06/03/2004 35 37 42 46 49 54
00544 10/03/2004 11 17 33 34 47 56
00545 13/03/2004 17 29 35 40 43 57
00546 17/03/2004 04 05 13 17 46 54
00547 20/03/2004 04 13 28 30 53 59
00548 24/03/2004 14 47 49 51 58 59
00549 27/03/2004 08 13 22 46 51 58
00550 31/03/2004 16 17 38 39 45 56
00551 03/04/2004 12 21 46 48 56 57
00552 07/04/2004 09 22 47 49 52 54
00553 10/04/2004 04 43 46 53 54 58
00554 14/04/2004 15 29 31 42 47 60
00555 17/04/2004 05 23 31 33 45 49
00556 21/04/2004 08 10 17 30 33 45
00557 24/04/2004 08 12 18 23 38 49
00558 28/04/2004 07 14 31 57 58 59
00559 01/05/2004 06 13 17 25 36 53
00560 05/05/2004 02 11 18 30 32 58
00561 08/05/2004 01 20 36 39 49 55
00562 12/05/2004 16 23 35 37 55 57
00563 15/05/2004 05 08 23 34 44 51
00564 19/05/2004 10 13 20 32 38 49
00565 22/05/2004 07 31 34 35 37 45
00566 26/05/2004 06 13 17 18 20 37
00567 29/05/2004 11 31 38 41 57 58
00568 02/06/2004 13 17 22 25 29 41
00569 05/06/2004 03 09 14 15 32 57
00570 09/06/2004 15 32 33 35 36 51
00571 12/06/2004 12 13 14 31 50 51
00572 16/06/2004 03 09 16 20 33 60
00573 19/06/2004 06 17 22 29 40 59
00574 23/06/2004 02 10 17 23 32 44
00575 26/06/2004 05 18 21 29 35 48
00576 30/06/2004 07 08 18 39 43 52
00577 03/07/2004 08 23 24 28 31 47
00578 07/07/2004 03 18 23 48 56 58
00579 10/07/2004 04 09 15 17 34 39
00580 14/07/2004 15 16 18 28 38 47
00581 17/07/2004 14 17 25 30 39 52
00582 21/07/2004 13 29 40 45 51 59
00583 24/07/2004 06 07 20 41 43 55
00584 28/07/2004 07 08 23 30 32 53
00585 31/07/2004 12 24 33 36 39 57
00586 04/08/2004 11 13 38 39 45 54
00587 07/08/2004 02 18 29 30 36 60
00588 11/08/2004 11 13 45 46 53 55
00589 14/08/2004 06 07 08 13 33 59
00590 18/08/2004 04 05 18 25 28 51
00591 21/08/2004 01 03 18 34 50 58
00592 25/08/2004 13 14 42 47 55 59
00593 28/08/2004 01 25 27 29 49 59
00594 01/09/2004 10 13 29 47 53 55
00595 04/09/2004 01 02 25 43 50 54
00596 08/09/2004 11 14 28 43 54 60
00597 11/09/2004 22 27 29 40 42 56
00598 15/09/2004 05 16 34 38 50 53
00599 18/09/2004 04 06 09 23 45 51
00600 22/09/2004 16 18 31 34 39 54
00601 25/09/2004 10 19 22 29 30 37
00602 29/09/2004 07 13 38 46 55 60
00603 02/10/2004 04 08 11 12 29 44
00604 06/10/2004 15 25 41 46 49 51
00605 09/10/2004 04 24 44 49 52 53
00606 13/10/2004 06 23 32 35 41 55
00607 16/10/2004 06 11 19 27 41 59
00608 20/10/2004 06 13 19 24 30 37
00609 23/10/2004 02 06 15 58 59 60
00610 27/10/2004 25 30 43 45 47 49
00611 30/10/2004 16 21 22 33 48 49
00612 03/11/2004 15 18 33 50 53 55
00613 06/11/2004 06 13 19 44 54 55
00614 10/11/2004 12 16 31 48 57 60
00615 13/11/2004 05 08 10 27 31 51
00616 17/11/2004 02 12 16 24 26 54
00617 20/11/2004 03 05 25 33 36 49
00618 24/11/2004 03 08 10 13 24 60
00619 27/11/2004 08 12 14 16 19 46
00620 01/12/2004 01 03 13 22 29 32
00621 04/12/2004 26 29 31 49 50 57
00622 08/12/2004 19 27 29 38 50 59
00623 11/12/2004 09 23 30 42 49 55
00624 15/12/2004 08 23 34 39 43 52
00625 18/12/2004 12 24 32 40 42 59
00626 22/12/2004 07 08 18 22 39 49
00627 29/12/2004 01 13 19 45 56 58
00628 05/01/2005 08 16 22 30 56 58
00629 08/01/2005 15 16 39 40 47 51
00630 12/01/2005 12 16 20 45 53 60
00631 15/01/2005 01 20 28 32 44 47
00632 19/01/2005 02 19 28 48 51 54
00633 22/01/2005 05 11 22 27 46 50
00634 26/01/2005 10 13 24 41 42 56
00635 29/01/2005 08 20 26 37 42 49
00636 02/02/2005 26 28 30 32 34 50
00637 05/02/2005 11 18 43 48 52 58
00638 12/02/2005 10 11 36 41 42 50
00639 16/02/2005 13 35 39 45 51 60
00640 19/02/2005 12 19 42 46 59 60
00641 23/02/2005 01 09 13 17 33 34
00642 26/02/2005 17 36 40 44 51 56
00643 02/03/2005 14 24 37 40 42 45
00644 05/03/2005 14 27 29 31 34 57
00645 09/03/2005 03 24 48 52 53 54
00646 12/03/2005 10 13 32 47 49 60
00647 16/03/2005 11 12 14 19 54 56
00648 19/03/2005 05 23 29 42 45 48
00649 23/03/2005 09 24 33 41 48 54
00650 26/03/2005 10 24 25 29 53 59
00651 30/03/2005 26 28 39 45 48 60
00652 02/04/2005 10 18 20 24 56 57
00653 06/04/2005 05 09 19 24 31 34
00654 09/04/2005 06 10 11 40 41 56
00655 13/04/2005 01 26 37 39 43 48
00656 16/04/2005 35 36 37 46 51 59
00657 20/04/2005 16 20 33 58 59 60
00658 23/04/2005 03 06 11 20 36 41
00659 27/04/2005 14 29 34 40 51 52
00660 30/04/2005 05 11 38 46 53 54
00661 04/05/2005 04 27 36 40 42 55
00662 07/05/2005 04 18 23 25 56 60
00663 11/05/2005 01 27 30 49 51 55
00664 14/05/2005 01 12 36 38 55 59
00665 18/05/2005 07 08 18 25 47 48
00666 21/05/2005 07 16 26 29 45 55
00667 25/05/2005 01 04 05 16 23 49
00668 28/05/2005 01 02 14 33 49 56
00669 01/06/2005 07 24 27 40 41 49
00670 04/06/2005 22 37 42 48 58 59
00671 08/06/2005 09 16 27 38 39 51
00672 11/06/2005 24 28 34 38 43 53
00673 15/06/2005 06 11 20 34 37 40
00674 18/06/2005 18 22 29 32 38 42
00675 22/06/2005 24 25 30 42 43 50
00676 25/06/2005 09 15 32 41 42 49
00677 29/06/2005 08 10 25 32 48 55
00678 02/07/2005 14 31 40 42 44 46
00679 06/07/2005 03 21 25 37 54 58
00680 09/07/2005 02 03 05 22 26 44
00681 13/07/2005 21 25 38 53 58 59
00682 16/07/2005 04 27 36 37 47 60
00683 20/07/2005 02 11 12 35 40 43
00684 23/07/2005 17 19 33 37 40 50
00685 27/07/2005 05 12 27 33 43 56
00686 30/07/2005 04 05 15 26 33 54
00687 03/08/2005 01 07 14 41 48 59
00688 06/08/2005 11 21 30 35 47 52
00689 10/08/2005 06 07 31 49 51 60
00690 13/08/2005 08 12 15 41 47 53
00691 17/08/2005 08 16 37 50 55 58
00692 20/08/2005 11 18 33 57 58 60
00693 24/08/2005 13 14 17 31 41 50
00694 27/08/2005 15 19 29 37 41 53
00695 31/08/2005 06 11 13 21 40 52
00696 03/09/2005 09 16 34 37 53 57
00697 10/09/2005 28 31 32 35 51 53
00698 14/09/2005 08 12 22 27 43 55
00699 19/09/2005 17 23 48 50 53 54
00700 21/09/2005 02 03 14 24 31 40
00701 24/09/2005 01 13 23 31 48 60
00702 28/09/2005 01 18 45 56 57 58
00703 01/10/2005 02 11 24 27 30 45
00704 05/10/2005 02 04 18 27 34 50
00705 08/10/2005 03 11 13 15 26 43
00706 15/10/2005 02 07 10 17 22 60
00707 19/10/2005 01 08 10 36 43 51
00708 22/10/2005 07 09 13 39 45 47
00709 26/10/2005 04 06 09 22 29 44
00710 29/10/2005 05 25 34 39 46 49
00711 05/11/2005 05 10 33 40 41 59
00712 09/11/2005 07 08 35 43 53 58
00713 12/11/2005 01 12 16 26 46 54
00714 16/11/2005 07 08 17 35 39 53
00715 19/11/2005 04 12 24 33 36 54
00716 23/11/2005 02 07 16 29 32 50
00717 26/11/2005 06 17 23 28 35 41
00718 30/11/2005 07 21 33 35 39 58
00719 03/12/2005 03 32 37 39 47 53
00720 07/12/2005 12 31 44 51 54 56
00721 10/12/2005 03 14 23 25 36 55
00722 14/12/2005 09 18 36 44 57 60
00723 17/12/2005 01 06 16 36 50 52
00724 21/12/2005 17 27 34 48 51 55
00725 31/12/2005 03 09 35 37 41 49
00726 04/01/2006 01 05 07 37 40 47
00727 07/01/2006 04 12 14 30 42 59
00728 11/01/2006 08 13 24 32 42 44
00729 14/01/2006 05 18 33 43 56 57
00730 18/01/2006 02 15 16 45 50 54
00731 21/01/2006 06 15 16 23 28 35
00732 25/01/2006 06 17 19 49 50 53
00733 28/01/2006 02 12 26 31 43 46
00734 01/02/2006 27 29 43 44 45 54
00735 04/02/2006 09 15 38 40 42 52
00736 08/02/2006 01 21 38 41 49 56
00737 11/02/2006 11 12 24 32 33 38
00738 15/02/2006 14 15 26 30 42 54
00739 18/02/2006 06 10 35 45 49 56
00740 22/02/2006 12 16 28 29 47 50
00741 25/02/2006 24 26 27 36 39 59
00742 01/03/2006 02 07 17 34 41 50
00743 04/03/2006 20 23 25 32 54 60
00744 08/03/2006 04 12 23 26 39 46
00745 11/03/2006 02 16 21 37 43 57
00746 15/03/2006 01 10 12 25 49 57
00747 18/03/2006 02 03 12 21 23 56
00748 22/03/2006 01 02 07 19 35 51
00749 25/03/2006 04 24 47 48 50 57
00750 29/03/2006 10 17 33 42 54 58
00751 01/04/2006 04 07 20 25 38 50
00752 05/04/2006 04 23 24 25 29 42
00753 08/04/2006 02 07 22 35 43 59
00754 12/04/2006 03 04 13 34 42 50
00755 15/04/2006 04 12 30 47 49 59
00756 19/04/2006 05 27 37 38 41 50
00757 22/04/2006 12 17 18 30 32 58
00758 26/04/2006 01 23 36 43 47 59
00759 29/04/2006 30 31 39 45 48 59
00760 03/05/2006 12 17 44 45 46 60
00761 06/05/2006 13 17 27 29 40 56
00762 10/05/2006 09 12 21 37 39 54
00763 13/05/2006 01 09 26 40 47 48
00764 18/05/2006 03 07 45 47 53 55
00765 21/05/2006 03 10 16 30 37 50
00766 24/05/2006 01 19 24 42 50 58
00767 27/05/2006 15 22 32 38 50 54
00768 31/05/2006 04 08 30 33 37 59
00769 03/06/2006 12 16 20 21 29 50
00770 07/06/2006 04 12 25 34 35 48
00771 10/06/2006 14 21 29 34 46 47
00772 14/06/2006 10 35 38 51 52 60
00773 17/06/2006 03 05 14 29 34 51
00774 21/06/2006 05 10 37 46 54 58
00775 24/06/2006 12 27 42 46 47 50
00776 28/06/2006 03 15 35 41 57 60
00777 01/07/2006 02 14 23 28 50 56
00778 05/07/2006 20 31 36 37 45 51
00779 08/07/2006 25 26 29 36 52 54
00780 12/07/2006 07 10 28 50 51 59
00781 15/07/2006 08 10 13 39 54 56
00782 19/07/2006 02 11 23 35 42 59
00783 22/07/2006 04 08 21 32 43 48
00784 26/07/2006 08 27 37 42 53 56
00785 29/07/2006 05 08 17 35 37 48
00786 02/08/2006 10 11 26 27 31 41
00787 05/08/2006 20 31 34 37 54 60
00788 09/08/2006 17 19 29 31 44 57
00789 12/08/2006 06 31 38 39 50 60
00790 16/08/2006 02 06 19 22 28 43
00791 19/08/2006 09 14 19 35 42 58
00792 23/08/2006 09 29 34 43 45 56
00793 26/08/2006 03 15 16 33 51 57
00794 30/08/2006 03 38 42 47 55 56
00795 02/09/2006 14 21 26 29 36 48
00796 06/09/2006 05 19 24 34 39 43
00797 09/09/2006 06 12 47 48 52 58
00798 13/09/2006 03 04 09 29 32 52
00799 16/09/2006 19 29 35 42 55 57
00800 20/09/2006 01 07 11 37 38 56
00801 23/09/2006 11 19 20 22 42 48
00802 27/09/2006 06 14 18 24 48 60
00803 30/09/2006 03 05 10 21 28 57
00804 04/10/2006 03 13 37 47 56 59
00805 07/10/2006 02 30 36 43 48 60
00806 12/10/2006 18 26 35 41 47 60
00807 14/10/2006 02 08 27 32 49 56
00808 18/10/2006 02 15 21 31 46 57
00809 21/10/2006 05 11 15 23 25 30
00810 25/10/2006 01 04 05 33 37 48
00811 28/10/2006 10 28 32 41 47 57
00812 01/11/2006 11 13 38 39 54 57
00813 04/11/2006 09 15 23 45 46 56
00814 08/11/2006 02 08 11 41 46 50
00815 11/11/2006 09 19 37 39 50 57
00816 16/11/2006 20 21 30 40 47 52
00817 18/11/2006 10 29 30 34 43 52
00818 22/11/2006 08 09 22 25 41 44
00819 25/11/2006 05 19 25 46 51 58
00820 29/11/2006 10 17 21 32 45 46
00821 02/12/2006 04 29 33 36 38 42
00822 06/12/2006 04 10 17 27 41 52
00823 09/12/2006 01 15 26 51 54 59
00824 13/12/2006 06 07 09 20 33 48
00825 16/12/2006 10 21 28 40 41 47
00826 19/12/2006 06 07 08 27 45 53
00827 21/12/2006 18 24 30 42 51 56
00828 23/12/2006 23 28 38 42 50 53
00829 31/12/2006 10 14 32 47 50 56
00830 03/01/2007 02 13 41 49 51 53
00831 06/01/2007 03 32 33 42 48 50
00832 10/01/2007 15 17 23 33 39 49
00833 13/01/2007 13 16 46 53 57 58
00834 17/01/2007 10 16 17 34 44 51
00835 20/01/2007 18 31 33 49 57 58
00836 24/01/2007 17 22 28 38 52 59
00837 27/01/2007 05 06 16 24 34 60
00838 31/01/2007 09 23 30 38 44 47
00839 03/02/2007 07 08 11 18 37 43
00840 07/02/2007 17 29 31 35 43 59
00841 10/02/2007 07 22 32 36 38 51
00842 14/02/2007 07 09 30 44 51 60
00843 17/02/2007 01 16 34 36 45 48
00844 24/02/2007 16 24 34 44 54 57
00845 28/02/2007 14 19 20 40 48 52
00846 03/03/2007 02 03 44 47 50 54
00847 07/03/2007 14 15 27 42 44 48
00848 10/03/2007 17 27 32 34 47 56
00849 14/03/2007 08 09 39 44 49 58
00850 17/03/2007 07 22 25 44 59 60
00851 21/03/2007 03 16 19 32 35 58
00852 24/03/2007 06 14 23 34 38 44
00853 28/03/2007 30 38 46 51 56 59
00854 31/03/2007 03 17 24 25 27 44
00855 04/04/2007 03 24 31 42 43 53
00856 07/04/2007 11 15 40 41 42 47
00857 11/04/2007 02 03 17 49 50 59
00858 14/04/2007 04 18 23 31 37 54
00859 18/04/2007 09 12 34 46 47 57
00860 23/04/2007 02 08 17 22 42 44
00861 25/04/2007 39 40 42 47 59 60
00862 28/04/2007 02 08 11 12 19 35
00863 02/05/2007 15 24 32 50 53 57
00864 05/05/2007 08 11 31 33 42 57
00865 09/05/2007 23 26 27 41 51 53
00866 12/05/2007 05 27 36 40 46 48
00867 16/05/2007 10 19 26 28 44 54
00868 19/05/2007 21 22 25 40 51 57
00869 23/05/2007 27 29 42 49 50 51
00870 26/05/2007 08 21 34 40 43 52
00871 30/05/2007 01 05 10 17 47 58
00872 02/06/2007 05 18 31 43 55 58
00873 06/06/2007 04 19 30 34 57 59
00874 09/06/2007 10 20 42 44 52 59
00875 13/06/2007 18 20 24 36 53 58
00876 16/06/2007 04 08 12 41 45 60
00877 20/06/2007 13 15 20 28 31 36
00878 23/06/2007 11 12 37 38 43 54
00879 27/06/2007 10 28 29 35 42 46
00880 30/06/2007 25 30 37 46 49 51
00881 04/07/2007 04 18 24 43 51 56
00882 07/07/2007 17 41 42 44 45 60
00883 11/07/2007 21 32 37 52 53 60
00884 14/07/2007 02 11 12 14 22 39
00885 18/07/2007 04 13 31 33 47 51
00886 21/07/2007 17 33 37 50 55 59
00887 25/07/2007 01 12 21 32 34 44
00888 28/07/2007 24 40 50 52 54 60
00889 01/08/2007 20 24 34 39 54 60
00890 04/08/2007 07 09 17 21 22 54
00891 08/08/2007 15 16 19 22 34 35
00892 11/08/2007 01 19 42 44 49 52
00893 15/08/2007 03 18 26 51 53 56
00894 18/08/2007 20 24 28 37 41 44
00895 22/08/2007 02 41 43 55 57 58
00896 25/08/2007 05 11 22 31 35 41
00897 29/08/2007 07 21 22 43 46 57
00898 01/09/2007 03 04 08 30 45 54
00899 05/09/2007 18 20 36 53 54 58
00900 08/09/2007 04 18 21 34 38 59
00901 12/09/2007 13 16 32 33 34 56
00902 15/09/2007 18 23 50 52 55 58
00903 19/09/2007 05 17 20 32 41 55
00904 22/09/2007 32 44 48 51 53 59
00905 26/09/2007 02 04 15 16 55 57
00906 29/09/2007 07 14 24 29 35 39
00907 03/10/2007 09 36 37 41 51 53
00908 06/10/2007 01 09 19 25 50 52
00909 10/10/2007 17 22 26 28 38 42
00910 13/10/2007 03 15 27 29 36 53
00911 17/10/2007 01 06 28 29 46 49
00912 20/10/2007 04 19 21 26 29 54
00913 24/10/2007 14 30 36 38 46 59
00914 27/10/2007 09 12 23 33 45 51
00915 31/10/2007 17 20 26 28 48 49
00916 03/11/2007 05 28 33 36 37 38
00917 07/11/2007 23 25 30 46 47 59
00918 10/11/2007 04 08 12 38 44 52
00919 14/11/2007 03 25 31 41 43 60
00920 17/11/2007 05 17 24 52 55 57
00921 21/11/2007 01 09 35 41 48 57
00922 24/11/2007 12 13 19 41 45 49
00923 28/11/2007 02 15 39 50 53 57
00924 01/12/2007 02 20 21 27 51 60
00925 05/12/2007 08 22 36 37 46 52
00926 08/12/2007 21 33 34 40 41 59
00927 12/12/2007 19 23 26 31 33 36
00928 15/12/2007 04 10 32 33 49 60
00929 19/12/2007 16 27 35 39 49 57
00930 22/12/2007 20 28 37 46 49 55
00931 31/12/2007 07 17 19 34 36 39
00932 05/01/2008 02 17 21 36 42 53
00933 09/01/2008 08 14 25 39 45 51
00934 12/01/2008 01 03 21 25 44 48
00935 16/01/2008 07 13 18 29 31 45
00936 19/01/2008 05 14 22 29 33 44
00937 23/01/2008 02 21 22 30 41 52
00938 26/01/2008 15 27 35 50 57 59
00939 30/01/2008 06 19 23 37 49 50
00940 02/02/2008 05 25 31 33 37 51
00941 06/02/2008 10 11 15 27 53 60
00942 09/02/2008 05 08 18 42 52 59
00943 13/02/2008 03 12 23 41 47 58
00944 16/02/2008 16 37 43 52 58 59
00945 20/02/2008 04 08 27 44 54 59
00946 23/02/2008 01 05 12 47 52 59
00947 27/02/2008 03 05 11 14 33 58
00948 01/03/2008 22 41 44 46 52 54
00949 05/03/2008 01 23 41 44 51 52
00950 08/03/2008 23 41 42 48 49 59
00951 12/03/2008 14 24 34 39 49 55
00952 15/03/2008 02 11 18 27 30 54
00953 19/03/2008 01 16 39 42 48 55
00954 22/03/2008 05 08 18 24 33 57
00955 26/03/2008 05 12 21 32 33 35
00956 29/03/2008 46 47 51 54 57 59
00957 02/04/2008 24 25 32 34 50 57
00958 05/04/2008 07 13 22 33 48 51
00959 09/04/2008 03 05 11 33 39 57
00960 12/04/2008 06 18 19 33 34 53
00961 16/04/2008 02 04 16 21 36 53
00962 19/04/2008 02 11 40 48 49 55
00963 23/04/2008 15 17 37 48 50 59
00964 26/04/2008 08 13 20 26 33 42
00965 30/04/2008 05 30 36 39 57 58
00966 03/05/2008 01 04 26 28 41 58
00967 07/05/2008 05 13 14 18 30 57
00968 10/05/2008 01 04 13 30 51 60
00969 14/05/2008 13 25 35 41 50 56
00970 17/05/2008 05 21 28 34 54 57
00971 21/05/2008 04 11 14 33 44 45
00972 24/05/2008 15 18 31 33 34 56
00973 28/05/2008 01 08 30 36 47 53
00974 31/05/2008 12 16 20 31 38 45
00975 04/06/2008 09 30 33 37 40 41
00976 07/06/2008 14 23 25 28 38 53
00977 11/06/2008 03 05 07 09 17 32
00978 14/06/2008 12 16 18 27 42 58
00979 18/06/2008 03 15 28 31 39 51
00980 21/06/2008 15 17 29 35 36 59
00981 25/06/2008 01 08 34 41 53 58
00982 28/06/2008 08 12 24 40 43 49
00983 02/07/2008 16 22 32 38 40 45
00984 05/07/2008 04 10 20 43 46 47
00985 09/07/2008 04 16 18 46 56 59
00986 12/07/2008 06 15 19 24 31 32
00987 16/07/2008 13 27 31 34 47 58
00988 19/07/2008 08 17 46 48 56 60
00989 23/07/2008 02 21 27 29 32 38
00990 26/07/2008 02 10 15 18 29 39
00991 30/07/2008 08 09 15 38 41 60
00992 02/08/2008 01 04 06 08 25 28
00993 06/08/2008 05 24 25 26 42 60
00994 09/08/2008 03 20 29 40 44 58
00995 13/08/2008 04 16 31 36 54 55
00996 16/08/2008 07 15 20 21 23 29
00997 20/08/2008 09 17 18 32 53 55
00998 23/08/2008 03 04 21 22 28 32
00999 27/08/2008 18 24 36 44 55 58
01000 30/08/2008 29 38 39 49 53 58
01001 03/09/2008 12 15 27 37 51 60
01002 06/09/2008 03 07 25 31 40 58
01003 10/09/2008 05 10 16 23 26 27
01004 13/09/2008 29 40 43 44 45 47
01005 17/09/2008 04 06 12 37 41 42
01006 20/09/2008 02 04 17 33 48 55
01007 24/09/2008 04 27 36 37 49 52
01008 27/09/2008 07 13 15 34 42 48
01009 01/10/2008 01 06 12 29 34 58
01010 04/10/2008 02 03 13 37 46 54
01011 08/10/2008 02 11 21 30 35 52
01012 11/10/2008 14 19 40 47 55 58
01013 15/10/2008 07 09 12 19 20 41
01014 18/10/2008 08 09 25 41 57 60
01015 22/10/2008 03 08 17 26 28 49
01016 25/10/2008 05 09 11 20 25 60
01017 29/10/2008 06 19 31 34 51 56
01018 01/11/2008 09 24 44 51 55 58
01019 05/11/2008 04 13 23 29 46 47
01020 08/11/2008 01 02 19 32 39 52
01021 12/11/2008 02 33 42 43 51 55
01022 16/11/2008 05 21 31 39 40 56
01023 19/11/2008 02 07 08 18 40 45
01024 22/11/2008 18 22 28 29 39 53
01025 26/11/2008 10 27 28 29 40 52
01026 29/11/2008 06 10 17 33 51 53
01027 03/12/2008 18 20 33 44 47 60
01028 06/12/2008 20 26 34 51 52 54
01029 10/12/2008 05 16 17 20 24 32
01030 13/12/2008 01 08 23 37 54 57
01031 17/12/2008 24 33 40 43 46 49
01032 20/12/2008 15 16 26 29 43 57
01033 24/12/2008 05 06 17 33 39 54
01034 27/12/2008 01 03 18 20 42 49
01035 31/12/2008 01 11 26 51 59 60
01036 03/01/2009 10 27 36 39 41 52
01037 07/01/2009 04 36 44 46 53 56
01038 10/01/2009 06 07 28 35 43 51
01039 14/01/2009 02 20 24 27 36 52
01040 17/01/2009 01 06 28 39 44 55
01041 21/01/2009 10 12 36 44 54 57
01042 24/01/2009 13 18 25 30 46 51
01043 28/01/2009 14 21 25 48 51 60
01044 31/01/2009 10 11 13 35 39 58
01045 04/02/2009 01 05 06 17 31 50
01046 07/02/2009 28 40 42 54 55 57
01047 11/02/2009 01 02 08 10 14 48
01048 14/02/2009 03 16 21 28 38 57
01049 18/02/2009 02 05 17 29 34 52
01050 21/02/2009 14 24 26 33 45 60
01051 25/02/2009 07 10 11 13 43 57
01052 28/02/2009 08 11 15 16 52 57
01053 04/03/2009 15 27 34 42 49 53
01054 07/03/2009 13 14 18 27 41 60
01055 11/03/2009 12 15 16 20 27 32
01056 14/03/2009 06 08 38 50 53 59
01057 18/03/2009 02 03 04 15 49 59
01058 21/03/2009 18 20 24 45 51 57
01059 25/03/2009 01 12 14 16 37 45
01060 28/03/2009 01 03 16 18 41 42
01061 01/04/2009 09 21 23 30 41 56
01062 04/04/2009 02 08 23 33 37 55
01063 08/04/2009 01 22 44 47 49 50
01064 11/04/2009 04 16 19 28 29 49
01065 15/04/2009 07 19 30 39 43 57
01066 18/04/2009 06 10 25 32 43 49
01067 22/04/2009 04 10 14 25 28 56
01068 25/04/2009 25 27 44 47 48 57
01069 29/04/2009 09 17 28 45 49 53
01070 02/05/2009 05 08 16 23 41 53
01071 06/05/2009 05 07 37 43 53 54
01072 09/05/2009 09 18 19 43 47 54
01073 13/05/2009 08 25 32 34 36 44
01074 16/05/2009 03 10 23 29 47 50
01075 20/05/2009 10 12 16 21 39 53
01076 23/05/2009 04 10 19 32 33 42
01077 27/05/2009 05 06 09 11 18 37
01078 30/05/2009 03 06 34 41 43 45
01079 03/06/2009 05 12 24 28 36 37
01080 06/06/2009 11 18 20 34 41 56
01081 10/06/2009 09 16 24 29 52 56
01082 13/06/2009 04 17 38 40 50 55
01083 17/06/2009 10 20 23 28 42 43
01084 20/06/2009 05 20 29 33 40 59
01085 24/06/2009 12 21 39 40 50 55
01086 27/06/2009 02 04 06 10 23 45
01087 01/07/2009 03 20 28 32 36 46
01088 04/07/2009 06 24 31 35 42 57
01089 08/07/2009 02 18 20 32 37 48
01090 11/07/2009 09 20 24 36 40 42
01091 15/07/2009 17 23 24 27 49 56
01092 18/07/2009 01 09 30 33 34 40
01093 22/07/2009 19 23 27 38 41 49
01094 25/07/2009 09 10 21 36 41 48
01095 29/07/2009 10 16 21 23 27 36
01096 01/08/2009 03 13 14 16 41 52
01097 05/08/2009 01 17 21 33 48 56
01098 08/08/2009 11 20 21 30 50 52
01099 12/08/2009 14 31 35 38 44 55
01100 15/08/2009 07 17 18 33 41 42
01101 19/08/2009 06 07 10 12 24 57
01102 22/08/2009 09 11 23 35 46 51
01103 26/08/2009 10 19 28 41 55 56
01104 29/08/2009 02 03 06 35 49 58
01105 02/09/2009 01 15 28 43 50 57
01106 05/09/2009 04 15 43 47 50 60
01107 09/09/2009 03 09 20 36 53 54
01108 12/09/2009 07 09 39 43 44 60
01109 16/09/2009 06 08 11 14 29 52
01110 19/09/2009 06 14 26 28 42 45
01111 23/09/2009 04 09 25 32 33 43
01112 26/09/2009 04 32 34 43 52 58
01113 30/09/2009 03 06 29 36 47 59
01114 03/10/2009 03 15 16 22 25 54
01115 07/10/2009 18 30 37 41 44 50
01116 10/10/2009 04 09 13 17 20 47
01117 14/10/2009 01 06 17 27 35 40
01118 17/10/2009 08 20 21 43 44 55
01119 21/10/2009 10 34 41 44 45 54
01120 24/10/2009 07 35 40 44 50 55
01121 28/10/2009 04 17 18 54 56 59
01122 31/10/2009 26 44 46 49 55 56
01123 04/11/2009 04 14 19 39 45 60
01124 07/11/2009 07 11 16 18 33 49
01125 11/11/2009 03 07 29 33 42 56
01126 14/11/2009 04 31 42 52 57 59
01127 18/11/2009 05 08 14 24 29 30
01128 21/11/2009 08 16 24 39 52 60
01129 25/11/2009 12 17 19 32 47 55
01130 28/11/2009 05 18 23 32 49 54
01131 02/12/2009 01 08 16 34 36 49
01132 05/12/2009 12 27 30 33 52 55
01133 09/12/2009 05 10 16 21 39 58
01134 12/12/2009 09 22 29 36 51 56
01135 16/12/2009 04 05 06 19 23 39
01136 19/12/2009 07 31 32 34 37 43
01137 22/12/2009 19 21 25 28 43 50
01138 24/12/2009 02 04 15 18 25 36
01139 26/12/2009 09 28 31 36 37 42
01140 31/12/2009 10 27 40 46 49 58
01141 02/01/2010 09 37 40 50 58 60
01142 06/01/2010 03 15 26 28 31 58
01143 09/01/2010 03 30 35 44 47 60
01144 13/01/2010 01 10 18 19 44 49
01145 16/01/2010 03 16 19 24 33 60
01146 20/01/2010 06 10 28 33 34 53
01147 23/01/2010 06 23 31 33 39 52
01148 27/01/2010 27 28 29 32 48 55
01149 30/01/2010 07 08 23 36 46 54
01150 03/02/2010 15 17 28 31 35 52
01151 06/02/2010 01 04 14 21 25 51
01152 10/02/2010 14 20 29 36 44 47
01153 13/02/2010 06 17 19 34 46 55
01154 17/02/2010 04 12 14 21 26 28
01155 20/02/2010 20 28 40 41 51 58
01156 24/02/2010 09 24 31 44 48 49
01157 27/02/2010 09 29 41 43 46 49
01158 03/03/2010 23 30 31 54 55 60
01159 06/03/2010 05 06 34 46 53 55
01160 10/03/2010 01 03 05 18 40 48
01161 13/03/2010 04 07 42 47 48 51
01162 17/03/2010 18 22 25 30 31 41
01163 20/03/2010 05 17 31 47 51 53
01164 24/03/2010 06 14 17 26 40 49
01165 27/03/2010 20 40 42 52 54 60
01166 31/03/2010 22 28 30 31 35 54
01167 03/04/2010 20 28 43 51 52 56
01168 07/04/2010 04 05 20 47 53 56
01169 10/04/2010 01 11 14 23 42 48
01170 14/04/2010 11 13 27 34 46 49
01171 17/04/2010 03 10 13 30 41 57
01172 20/04/2010 06 12 28 43 52 56
01173 24/04/2010 05 07 24 25 36 47
01174 28/04/2010 06 07 39 47 51 52
01175 30/04/2010 02 03 12 16 37 47
01176 05/05/2010 11 14 21 30 33 49
01177 08/05/2010 33 38 47 50 52 55
01178 12/05/2010 01 22 30 45 50 53
01179 15/05/2010 05 22 28 47 59 60
01180 19/05/2010 12 30 34 44 57 60
01181 22/05/2010 18 20 26 31 44 45
01182 26/05/2010 02 04 29 52 56 60
01183 29/05/2010 05 10 12 20 29 37
01184 02/06/2010 04 09 23 27 28 30
01185 05/06/2010 02 10 21 35 43 54
01186 09/06/2010 07 08 12 13 15 41
01187 12/06/2010 08 17 19 40 43 49
01188 16/06/2010 09 20 44 52 59 60
01189 19/06/2010 14 21 27 31 35 50
01190 23/06/2010 10 11 19 37 53 56
01191 26/06/2010 03 11 16 22 25 33
01192 30/06/2010 17 20 49 52 57 59
01193 03/07/2010 02 09 12 14 32 54
01194 07/07/2010 06 13 24 41 50 53
01195 10/07/2010 17 20 26 27 55 57
01196 14/07/2010 03 06 19 20 58 60
01197 17/07/2010 36 37 39 49 54 60
01198 21/07/2010 22 29 36 41 48 58
01199 24/07/2010 16 19 23 28 39 58
01200 28/07/2010 03 10 11 39 54 56
01201 31/07/2010 28 32 36 49 55 60
01202 04/08/2010 08 09 11 48 53 60
01203 07/08/2010 07 09 30 33 38 55
01204 11/08/2010 05 10 25 39 43 52
01205 14/08/2010 04 13 14 26 29 35
01206 18/08/2010 02 06 11 36 37 48
01207 21/08/2010 09 11 22 32 35 56
01208 25/08/2010 01 12 20 26 45 54
01209 29/08/2010 05 14 17 30 35 38
01210 01/09/2010 03 07 09 10 31 34
01211 04/09/2010 03 15 31 36 48 54
01212 08/09/2010 02 23 33 35 40 50
01213 11/09/2010 03 11 26 34 45 53
01214 15/09/2010 05 29 30 36 41 48
01215 18/09/2010 10 25 30 47 50 51
01216 22/09/2010 04 07 13 25 27 58
01217 25/09/2010 05 11 15 28 43 50
01218 29/09/2010 10 23 29 31 33 46
01219 03/10/2010 02 33 34 37 41 53
01220 06/10/2010 05 15 43 48 52 55
01221 09/10/2010 05 14 37 43 46 58
01222 13/10/2010 05 08 19 26 48 57
01223 16/10/2010 15 17 35 42 47 48
01224 20/10/2010 19 21 27 41 53 57
01225 23/10/2010 31 32 34 40 50 55
01226 27/10/2010 10 31 40 50 55 56
01227 30/10/2010 04 28 30 31 35 54
01228 03/11/2010 10 23 36 50 52 60
01229 06/11/2010 12 30 32 40 49 60
01230 10/11/2010 09 12 19 22 35 37
01231 13/11/2010 05 20 23 27 39 49
01232 17/11/2010 08 11 12 15 18 22
01233 20/11/2010 22 29 32 49 54 59
01234 24/11/2010 03 05 19 24 30 35
01235 27/11/2010 10 16 20 26 49 55
01236 01/12/2010 03 08 17 20 38 53
01237 04/12/2010 05 18 21 26 39 59
01238 08/12/2010 13 14 24 39 40 45
01239 11/12/2010 01 15 37 39 48 52
01240 15/12/2010 08 09 12 22 42 49
01241 18/12/2010 10 13 25 26 28 45
01242 20/12/2010 11 34 45 48 51 54
01243 22/12/2010 09 19 23 29 32 57
01244 24/12/2010 02 08 15 25 34 45
01245 31/12/2010 02 10 34 37 43 50
01246 05/01/2011 10 37 40 43 57 59
01247 08/01/2011 03 09 11 24 36 51
01248 12/01/2011 20 33 34 57 58 60
01249 15/01/2011 03 08 36 40 51 53
01250 19/01/2011 01 02 24 40 51 59
01251 22/01/2011 05 27 34 46 48 52
01252 26/01/2011 02 14 35 39 49 51
01253 29/01/2011 02 17 23 43 44 51
01254 02/02/2011 07 09 14 18 29 39
01255 05/02/2011 05 23 38 39 51 54
01256 09/02/2011 26 33 35 38 43 53
01257 12/02/2011 02 15 26 27 30 52
01258 16/02/2011 11 26 47 55 57 59
01259 19/02/2011 04 06 39 46 54 58
01260 23/02/2011 19 23 29 31 41 53
01261 26/02/2011 10 14 22 41 42 53
01262 02/03/2011 05 07 08 09 11 39
01263 05/03/2011 04 18 26 36 41 53
01264 09/03/2011 04 17 36 37 51 56
01265 12/03/2011 13 19 24 46 50 60
01266 16/03/2011 06 10 33 39 42 60
01267 19/03/2011 04 20 30 41 47 58
01268 23/03/2011 03 16 17 44 53 60
01269 26/03/2011 04 05 15 17 27 51
01270 30/03/2011 05 09 24 31 33 42
01271 02/04/2011 01 02 39 48 52 59
01272 06/04/2011 13 26 27 28 35 52
01273 09/04/2011 13 19 26 40 58 60
01274 13/04/2011 13 17 21 39 40 59
01275 16/04/2011 02 14 48 55 58 60
01276 20/04/2011 05 09 11 22 36 40
01277 23/04/2011 12 18 31 50 59 60
01278 27/04/2011 04 16 24 25 30 56
01279 30/04/2011 08 14 29 35 36 40
01280 04/05/2011 06 10 16 20 29 54
01281 07/05/2011 08 11 14 30 36 38
01282 11/05/2011 04 23 39 52 55 56
01283 14/05/2011 08 30 40 44 59 60
01284 18/05/2011 20 21 26 29 31 36
01285 21/05/2011 10 15 28 31 33 38
01286 25/05/2011 02 05 28 33 51 52
01287 28/05/2011 11 12 31 33 42 52
01288 01/06/2011 17 30 32 40 42 56
01289 04/06/2011 01 03 08 13 27 52
01290 08/06/2011 02 03 14 23 34 50
01291 11/06/2011 18 40 47 54 57 58
01292 15/06/2011 09 11 23 30 31 54
01293 18/06/2011 01 13 24 40 44 50
01294 22/06/2011 04 06 29 48 50 51
01295 25/06/2011 02 05 15 20 43 57
01296 29/06/2011 10 14 43 46 49 53
01297 02/07/2011 02 05 11 13 56 59
01298 06/07/2011 14 15 30 53 55 60
01299 09/07/2011 08 22 32 43 53 56
01300 13/07/2011 43 44 46 53 54 59
01301 16/07/2011 03 16 23 25 51 56
01302 20/07/2011 02 10 15 44 56 57
01303 23/07/2011 08 19 46 51 52 54
01304 27/07/2011 07 14 15 20 23 35
01305 30/07/2011 03 05 11 36 44 46
01306 03/08/2011 06 19 22 34 43 45
01307 06/08/2011 07 10 32 43 47 54
01308 09/08/2011 07 08 24 30 33 47
01309 11/08/2011 07 12 25 26 32 39
01310 13/08/2011 08 09 14 32 53 59
01311 17/08/2011 07 09 12 19 45 54
01312 20/08/2011 05 20 22 28 29 30
01313 24/08/2011 01 04 26 39 43 49
01314 27/08/2011 38 42 44 52 58 60
01315 31/08/2011 01 27 29 38 50 52
01316 03/09/2011 08 13 25 34 42 48
01317 08/09/2011 06 13 29 30 35 37
01318 10/09/2011 11 14 16 28 34 46
01319 14/09/2011 04 05 16 18 27 51
01320 17/09/2011 17 24 25 38 41 55
01321 21/09/2011 10 47 51 53 59 60
01322 24/09/2011 10 21 43 47 53 55
01323 28/09/2011 06 15 25 37 48 55
01324 01/10/2011 18 29 31 44 51 57
01325 05/10/2011 02 05 16 20 35 43
01326 08/10/2011 10 11 18 19 30 50
01327 13/10/2011 16 35 36 41 52 54
01328 15/10/2011 10 23 27 43 53 59
01329 19/10/2011 07 08 11 39 43 50
01330 22/10/2011 08 18 21 30 48 49
01331 26/10/2011 09 24 26 39 46 57
01332 29/10/2011 03 05 13 24 35 59
01333 03/11/2011 25 26 28 33 42 51
01334 05/11/2011 01 06 08 10 25 27
01335 09/11/2011 03 14 20 22 49 51
01336 12/11/2011 01 32 38 47 51 54
01337 16/11/2011 02 20 35 38 45 51
01338 19/11/2011 01 18 19 33 43 60
01339 23/11/2011 07 10 14 16 54 59
01340 26/11/2011 13 21 30 36 59 60
01341 30/11/2011 01 11 20 37 40 52
01342 03/12/2011 05 07 42 46 50 60
01343 07/12/2011 19 20 31 42 51 56
01344 10/12/2011 08 19 21 36 42 59
01345 14/12/2011 07 17 19 26 40 50
01346 17/12/2011 12 32 40 47 48 59
01347 20/12/2011 09 19 45 46 54 56
01348 22/12/2011 07 12 38 39 45 56
01349 24/12/2011 09 19 20 50 51 60
01350 31/12/2011 03 04 29 36 45 55
01351 04/01/2012 13 33 36 41 50 56
01352 07/01/2012 09 18 24 35 36 59
01353 11/01/2012 03 11 13 27 32 47
01354 14/01/2012 02 08 38 42 48 49
01355 18/01/2012 11 17 24 39 46 49
01356 21/01/2012 06 13 21 22 31 46
01357 25/01/2012 01 19 24 26 52 55
01358 28/01/2012 03 15 16 35 37 47
01359 01/02/2012 06 10 12 17 28 53
01360 04/02/2012 02 16 17 25 50 54
01361 08/02/2012 23 27 30 37 38 44
01362 11/02/2012 02 12 19 22 36 58
01363 15/02/2012 25 35 42 45 52 57
01364 18/02/2012 10 13 20 40 44 53
01365 22/02/2012 02 24 26 32 35 50
01366 25/02/2012 12 27 37 44 54 59
01367 01/03/2012 02 07 13 29 38 43
01368 03/03/2012 10 21 26 29 32 38
01369 07/03/2012 05 16 24 32 38 46
01370 10/03/2012 02 04 05 27 49 59
01371 14/03/2012 03 04 08 11 47 49
01372 17/03/2012 03 36 40 46 58 60
01373 21/03/2012 07 27 39 52 55 57
01374 24/03/2012 06 21 28 31 33 43
01375 28/03/2012 14 25 28 45 53 58
01376 31/03/2012 09 11 21 49 53 54
01377 04/04/2012 02 05 12 13 25 35
01378 07/04/2012 02 05 17 18 54 59
01379 11/04/2012 05 12 36 45 50 58
01380 14/04/2012 03 14 52 55 57 60
01381 18/04/2012 11 27 30 40 44 57
01382 20/04/2012 05 13 16 17 27 55
01383 25/04/2012 07 09 23 44 46 55
01384 28/04/2012 02 18 30 31 45 56
01385 02/05/2012 27 35 36 37 42 59
01386 05/05/2012 12 28 38 39 51 56
01387 09/05/2012 18 27 32 43 50 52
01388 12/05/2012 22 29 31 43 50 54
01389 16/05/2012 01 16 28 39 44 57
01390 19/05/2012 04 19 27 28 29 31
01391 23/05/2012 07 12 19 34 40 53
01392 26/05/2012 02 08 12 28 33 43
01393 30/05/2012 04 18 24 28 39 44
01394 02/06/2012 11 16 24 35 46 50
01395 06/06/2012 05 11 17 19 44 48
01396 09/06/2012 29 48 52 54 55 58
01397 13/06/2012 03 04 07 15 27 56
01398 16/06/2012 14 32 33 40 42 51
01399 20/06/2012 34 39 43 56 57 60
01400 23/06/2012 09 26 34 43 53 54
01401 27/06/2012 11 12 25 33 48 54
01402 30/06/2012 02 09 10 21 27 38
01403 04/07/2012 13 16 20 26 39 42
01404 07/07/2012 07 08 27 31 32 51
01405 11/07/2012 03 14 17 32 37 39
01406 14/07/2012 07 10 17 24 38 57
01407 18/07/2012 18 29 31 42 43 53
01408 21/07/2012 04 19 20 24 39 43
01409 25/07/2012 06 19 26 47 50 58
01410 28/07/2012 18 29 40 42 50 54
01411 01/08/2012 08 12 32 44 46 48
01412 04/08/2012 06 08 24 37 41 45
01413 07/08/2012 13 15 33 45 54 55
01414 09/08/2012 21 37 44 46 49 57
01415 11/08/2012 26 36 40 46 49 51
01416 15/08/2012 03 19 22 24 35 49
01417 18/08/2012 05 12 45 52 56 59
01418 22/08/2012 07 08 10 12 27 56
01419 25/08/2012 17 21 30 48 52 58
01420 29/08/2012 02 11 16 18 36 45
01421 01/09/2012 19 31 39 44 53 59
01422 05/09/2012 02 05 13 17 39 44
01423 08/09/2012 03 08 21 25 27 43
01424 12/09/2012 03 07 15 29 38 60
01425 15/09/2012 07 16 29 36 38 50
01426 19/09/2012 06 15 18 24 30 44
01427 22/09/2012 08 39 44 47 53 56
01428 26/09/2012 07 15 19 34 37 55
01429 29/09/2012 09 12 22 39 48 60
01430 03/10/2012 02 19 22 30 46 52
01431 06/10/2012 05 09 13 33 40 54
01432 10/10/2012 16 24 25 42 45 59
01433 13/10/2012 04 13 14 40 46 52
01434 17/10/2012 03 18 22 34 55 58
01435 20/10/2012 04 15 45 47 50 52
01436 24/10/2012 01 13 23 24 30 57
01437 27/10/2012 22 23 26 37 38 48
01438 31/10/2012 07 14 31 33 36 49
01439 03/11/2012 02 34 35 42 43 55
01440 07/11/2012 02 06 28 36 51 56
01441 10/11/2012 17 29 36 38 53 56
01442 14/11/2012 12 13 20 30 34 49
01443 17/11/2012 12 20 32 48 52 54
01444 21/11/2012 02 05 27 28 48 55
01445 24/11/2012 05 19 32 41 49 58
01446 28/11/2012 06 13 24 32 40 51
01447 01/12/2012 01 19 28 33 39 41
01448 05/12/2012 01 25 29 36 56 60
01449 08/12/2012 02 06 18 30 52 56
01450 12/12/2012 26 27 31 38 44 45
01451 15/12/2012 02 10 11 33 52 57
01452 18/12/2012 02 14 28 50 57 58
01453 20/12/2012 06 13 25 32 47 57
01454 22/12/2012 04 27 29 41 48 52
01455 31/12/2012 14 32 33 36 41 52
01456 02/01/2013 06 08 14 26 36 40
01457 05/01/2013 15 16 34 42 46 59
01458 09/01/2013 02 04 16 33 44 51
01459 12/01/2013 02 06 30 34 35 52
01460 16/01/2013 04 14 27 38 50 52
01461 19/01/2013 31 36 44 47 49 54
01462 23/01/2013 05 09 25 27 38 40
01463 26/01/2013 13 22 28 29 40 48
01464 30/01/2013 02 24 32 50 54 59
01465 02/02/2013 06 11 16 26 44 53
01466 06/02/2013 04 06 13 34 37 51
01467 09/02/2013 23 24 26 41 52 53
01468 13/02/2013 01 02 10 19 20 37
01469 16/02/2013 04 13 35 54 56 58
01470 20/02/2013 02 34 36 38 51 55
01471 23/02/2013 10 25 33 36 40 58
01472 27/02/2013 12 18 23 25 45 50
01473 02/03/2013 02 12 33 57 58 60
01474 06/03/2013 01 02 03 11 28 43
01475 09/03/2013 12 13 37 44 48 51
01476 13/03/2013 04 10 26 37 47 57
01477 16/03/2013 03 04 46 50 56 59
01478 20/03/2013 10 27 37 40 47 55
01479 23/03/2013 21 48 50 54 57 60
01480 27/03/2013 09 14 21 26 36 52
01481 30/03/2013 17 27 28 40 44 55
01482 03/04/2013 06 09 11 34 41 53
01483 06/04/2013 01 35 39 53 55 56
01484 10/04/2013 17 20 24 29 49 53
01485 13/04/2013 04 27 30 36 54 59
01486 17/04/2013 01 06 10 34 40 54
01487 20/04/2013 04 09 17 23 28 53
01488 24/04/2013 04 22 25 38 45 51
01489 27/04/2013 01 15 24 26 28 48
01490 02/05/2013 01 03 31 32 43 52
01491 04/05/2013 06 26 45 50 56 60
01492 08/05/2013 04 09 18 44 46 48
01493 11/05/2013 07 12 24 27 30 49
01494 15/05/2013 02 14 24 28 35 50
01495 18/05/2013 04 13 14 44 49 57
01496 22/05/2013 14 18 28 41 47 54
01497 25/05/2013 04 05 07 27 45 58
01498 29/05/2013 06 11 27 40 46 49
01499 01/06/2013 08 22 26 33 37 54
01500 05/06/2013 10 18 31 43 57 59
01501 08/06/2013 01 07 13 29 37 54
01502 12/06/2013 06 22 43 51 52 57
01503 15/06/2013 03 04 16 22 36 42
01504 19/06/2013 02 10 12 30 41 42
01505 22/06/2013 01 02 06 09 16 32
01506 26/06/2013 03 14 18 34 42 49
01507 29/06/2013 24 46 50 51 52 56
01508 03/07/2013 17 18 30 35 39 58
01509 06/07/2013 01 06 27 46 51 59
01510 10/07/2013 01 08 17 44 46 53
01511 13/07/2013 04 08 17 29 31 45
01512 17/07/2013 11 28 35 42 46 58
01513 20/07/2013 17 28 31 56 57 58
01514 24/07/2013 16 17 23 42 59 60
01515 27/07/2013 04 13 14 18 49 59
01516 31/07/2013 04 18 20 34 45 60
01517 03/08/2013 07 17 38 45 52 56
01518 06/08/2013 08 09 28 41 48 55
01519 08/08/2013 05 06 15 23 56 59
01520 10/08/2013 07 31 35 36 46 48
01521 14/08/2013 11 14 18 30 33 39
01522 17/08/2013 05 08 23 32 33 56
01523 21/08/2013 22 25 31 39 41 44
01524 24/08/2013 02 12 40 46 52 53
01525 28/08/2013 02 26 30 35 46 54
01526 30/10/2013 10 16 28 47 51 59
01527 04/09/2013 16 32 36 42 44 48
01528 06/09/2013 04 13 15 19 36 58
01529 11/09/2013 11 15 17 34 35 49
01530 14/09/2013 10 16 28 33 48 53
01531 18/09/2013 12 13 24 41 42 44
01532 21/09/2013 02 11 23 31 42 44
01533 25/09/2013 13 21 29 34 47 57
01534 28/09/2013 01 12 28 29 34 48
01535 02/10/2013 08 09 25 41 54 55
01536 05/10/2013 13 18 29 32 50 58
01537 09/10/2013 06 10 33 50 51 56
01538 11/10/2013 23 27 35 52 53 57
01539 16/10/2013 08 10 20 26 49 58
01540 19/10/2013 03 17 27 32 47 54
01541 23/10/2013 05 24 37 44 49 58
01542 26/10/2013 07 11 12 30 39 57
01543 30/10/2013 07 15 20 23 30 41
01544 01/11/2013 02 21 30 35 45 50
01545 06/11/2013 04 06 11 24 45 48
01546 09/11/2013 04 17 38 44 53 60
01547 13/11/2013 02 09 10 18 21 28
01548 16/11/2013 19 41 42 44 47 54
01549 20/11/2013 10 12 16 20 32 53
01550 23/11/2013 09 13 21 27 36 56
01551 27/11/2013 02 15 19 21 23 38
01552 30/11/2013 07 18 24 26 39 46
01553 04/12/2013 20 21 22 29 46 60
01554 07/12/2013 30 32 49 50 52 53
01555 11/12/2013 02 05 23 33 52 59
01556 14/12/2013 01 04 07 10 11 52
01557 17/12/2013 04 16 18 31 45 46
01558 21/12/2013 07 15 17 31 42 54
01559 21/12/2013 08 12 16 29 37 58
01560 31/12/2013 20 30 36 38 47 53
01561 02/01/2014 23 26 28 54 55 60
01562 04/01/2014 10 12 23 37 47 51
01563 09/01/2014 01 06 13 20 36 43
01564 11/01/2014 25 38 44 46 53 54
01565 15/01/2014 18 37 39 41 43 51
01566 18/01/2014 05 06 11 32 36 60
01567 22/01/2014 02 15 30 38 48 53
01568 25/01/2014 19 24 25 28 42 58
01569 29/01/2014 05 15 18 31 42 53
01570 01/02/2014 15 18 24 42 46 56
01571 05/02/2014 03 29 32 46 55 60
01572 08/02/2014 20 27 42 45 46 47
01573 12/02/2014 07 16 21 35 36 38
01574 15/02/2014 06 27 28 33 46 48
01575 19/02/2014 01 04 05 14 45 56
01576 22/02/2014 13 15 21 26 30 46
01577 26/02/2014 11 14 25 32 51 59
01578 01/03/2014 03 06 30 37 53 56
01579 05/03/2014 25 34 40 49 51 60
01580 08/03/2014 01 06 14 17 33 36
01581 12/03/2014 14 15 25 30 31 34
01582 15/03/2014 01 04 13 17 38 48
01583 19/03/2014 02 09 17 18 45 47
01584 22/03/2014 03 22 27 28 50 54
01585 26/03/2014 02 43 47 48 49 55
01586 29/03/2014 08 39 43 46 47 58
01587 02/04/2014 08 19 21 30 52 56
01588 05/04/2014 23 29 32 36 45 49
01589 09/04/2014 04 05 11 19 41 51
01590 12/04/2014 07 20 34 40 44 55
01591 16/04/2014 04 10 23 33 38 55
01592 19/04/2014 31 36 38 41 42 49
01593 23/04/2014 04 09 17 18 21 38
01594 26/04/2014 06 07 08 23 43 53
01595 30/04/2014 02 05 08 42 46 59
01596 03/05/2014 01 05 07 10 12 45
01597 07/05/2014 05 10 16 44 50 52
01598 10/05/2014 29 31 36 42 47 53
01599 14/05/2014 03 10 15 35 36 58
01600 17/05/2014 09 23 32 35 46 57
01601 21/05/2014 08 10 24 45 56 60
01602 24/05/2014 08 12 22 35 40 44
01603 28/05/2014 13 20 27 31 53 60
01604 31/05/2014 02 21 24 27 40 51
01605 04/06/2014 09 19 21 30 31 42
01606 07/06/2014 01 15 37 42 46 54
01607 11/06/2014 07 31 32 41 51 52
01608 14/06/2014 05 06 17 43 54 59
01609 18/06/2014 02 06 13 26 53 60
01610 21/06/2014 01 04 09 35 36 53
01611 12/07/2014 24 28 47 50 51 58
01612 28/06/2014 06 13 17 36 42 51
01613 02/07/2014 04 18 31 44 46 49
01614 05/07/2014 14 17 21 27 43 49
01615 09/07/2014 05 20 26 31 33 44
01616 12/07/2014 28 30 31 42 46 58
01617 16/07/2014 03 23 26 31 47 54
01618 19/07/2014 09 20 24 43 51 52
01619 23/07/2014 05 08 17 42 46 47
01620 26/07/2014 13 23 27 34 38 57
01621 30/07/2014 10 22 24 38 39 49
01622 02/08/2014 04 05 07 21 45 53
01623 05/08/2014 33 43 49 50 56 59
01624 07/08/2014 02 27 32 41 47 58
01625 09/08/2014 11 22 36 40 45 52
01626 13/08/2014 03 05 14 35 43 52
01627 16/08/2014 20 26 32 41 45 57
01628 20/08/2014 26 29 34 38 50 60
01629 23/08/2014 04 20 24 35 47 59
01630 27/08/2014 01 07 30 43 44 54
01631 30/08/2014 04 29 44 47 48 60
01632 03/09/2014 06 18 24 27 56 59
01633 06/09/2014 01 02 11 13 36 49
01634 10/09/2014 09 10 23 33 44 51
01635 13/09/2014 08 23 28 30 32 51
01636 17/09/2014 19 26 33 35 51 52
01637 20/09/2014 01 05 24 47 55 56
01638 24/09/2014 01 02 38 41 42 58
01639 27/09/2014 16 29 34 35 49 51
01640 01/10/2014 02 06 18 23 31 46
01641 04/10/2014 23 29 30 33 46 51
01642 08/10/2014 03 23 42 43 47 60
01643 11/10/2014 16 19 20 28 37 60
01644 15/10/2014 10 13 16 22 34 60
01645 18/10/2014 08 18 21 31 37 38
01646 22/10/2014 19 23 34 40 41 58
01647 25/10/2014 12 17 23 38 53 54
01648 29/10/2014 15 16 18 20 22 48
01649 01/11/2014 24 33 38 42 44 54
01650 05/11/2014 17 23 29 38 57 60
01651 08/11/2014 08 27 35 38 41 44
01652 19/11/2014 07 16 33 42 50 58
01653 14/11/2014 01 21 22 27 32 45
01654 19/11/2014 07 16 33 42 50 58
01655 22/11/2014 07 24 28 46 53 56
01656 26/11/2014 04 06 11 43 54 56
01657 29/11/2014 07 10 14 37 45 54
01658 03/12/2014 07 11 19 23 40 49
01659 06/12/2014 04 10 20 33 37 49
01660 10/12/2014 08 17 34 38 42 51
01661 13/12/2014 13 16 27 43 48 58
01662 17/12/2014 10 14 25 29 33 57
01663 20/12/2014 18 20 27 40 49 55
01664 24/12/2014 08 21 23 29 36 48
01665 31/12/2014 01 05 11 16 20 56
01666 03/01/2015 01 02 23 27 45 51
01667 07/01/2015 07 12 24 44 51 56
01668 10/01/2015 05 40 47 52 55 57
01669 14/01/2015 28 29 31 45 48 49
01670 17/01/2015 01 17 19 30 33 47
01671 21/01/2015 21 27 31 45 55 56
01672 24/01/2015 01 03 05 10 20 42
01673 28/01/2015 05 10 23 24 35 47
01674 31/01/2015 22 30 42 50 58 59
01675 04/02/2015 03 18 34 35 36 56
01676 07/02/2015 01 02 11 37 48 51
01677 11/02/2015 10 15 28 33 51 52
01678 14/02/2015 09 11 17 19 35 52
01679 18/02/2015 01 02 27 28 46 47
01680 21/02/2015 23 37 38 46 47 51
01681 25/02/2015 01 33 08 11 06 50
01682 28/02/2015 07 13 35 37 39 51
01683 04/03/2015 04 12 32 33 34 48
01684 07/03/2015 09 12 18 31 39 50
01685 11/03/2015 03 18 31 39 46 51
01686 14/03/2015 09 14 37 44 46 55
01687 18/03/2015 15 24 37 46 49 58
01688 21/03/2015 18 23 30 32 42 56
01689 25/03/2015 02 05 13 27 41 53
01690 28/03/2015 21 24 26 35 45 53
01691 01/04/2015 01 10 24 39 45 58
01692 04/04/2015 11 13 14 27 44 56
01693 08/04/2015 05 15 18 19 21 38
01694 11/04/2015 20 29 34 37 45 57
01695 15/04/2015 24 36 38 43 44 58
01696 18/04/2015 01 12 17 31 37 46
01697 22/04/2015 08 23 30 51 53 58
01698 25/04/2015 11 13 24 28 44 45
01699 29/04/2015 01 06 10 30 33 38
01700 02/05/2015 15 18 41 48 50 58
01701 05/05/2015 03 09 18 32 40 56
01702 07/05/2015 17 19 33 35 39 52
01703 09/05/2015 03 23 26 35 39 49
01704 13/05/2015 01 07 11 32 51 59
01705 16/05/2015 25 27 29 37 50 51
01706 20/05/2015 12 31 34 36 48 56
01707 23/05/2015 07 16 20 27 36 52
01708 27/05/2015 17 29 32 38 45 50
01709 30/05/2015 07 19 30 35 42 47
01710 03/06/2015 07 21 28 56 58 59
01711 06/06/2015 22 26 38 39 45 50
01712 10/06/2015 02 12 19 29 50 59
01713 13/06/2015 03 10 16 23 27 29
01714 17/06/2015 02 08 24 36 51 52
01715 20/06/2015 16 20 35 40 53 60
01716 24/05/2015 02 25 36 41 42 53
01717 27/06/2015 02 09 16 37 44 58
01718 01/07/2015 04 30 31 32 47 53
01719 04/07/2015 01 22 31 34 44 54
01720 07/07/2015 18 23 31 39 49 57
01721 09/07/2015 04 12 19 33 36 38
01722 11/07/2015 09 23 39 41 49 58
01723 15/07/2015 14 27 30 46 52 60
01724 18/07/2015 27 33 37 39 58 60
01725 22/07/2015 16 18 26 30 31 34
01726 25/07/2015 03 10 42 49 54 57
01727 29/07/2015 04 06 19 20 40 41
01728 01/08/2015 03 08 28 39 42 59
01729 04/08/2015 07 14 23 43 44 53
01730 06/08/2015 01 10 17 24 42 51
01731 08/08/2015 05 18 27 43 49 59
01732 12/08/2015 25 34 38 45 53 60
01733 15/08/2015 03 05 09 14 41 46
01734 19/08/2015 12 17 25 29 41 52
01735 22/08/2015 06 16 33 34 45 46
01736 26/08/2015 12 13 24 29 32 41
01737 29/08/2015 05 08 42 50 51 59
01738 02/09/2015 12 28 37 46 48 53
01739 05/09/2015 09 10 17 32 34 46
01740 09/09/2015 10 15 25 38 47 53
01741 12/09/2015 15 18 20 32 48 49
01742 16/09/2015 11 19 21 23 27 52
01743 19/09/2015 04 10 29 31 34 35
01744 23/09/2015 09 12 14 29 42 56
01745 26/09/2015 09 13 18 47 52 60
01746 30/09/2015 06 18 37 40 41 58
01747 03/10/2015 06 33 34 48 53 59
01748 07/10/2015 02 10 13 41 49 53
01749 10/10/2015 03 13 14 29 33 43
01750 13/10/2015 15 17 20 31 41 48
01751 15/10/2015 15 22 23 42 51 57
01752 17/10/2015 09 36 37 53 55 60
01753 21/10/2015 08 15 29 35 45 54
01754 24/10/2015 20 27 30 31 40 53
01755 28/10/2015 02 05 08 18 30 48
01756 31/10/2015 06 13 14 28 35 45
01757 04/11/2015 13 25 28 37 43 56
01758 07/11/2015 06 11 16 23 36 42
01759 10/11/2015 02 14 21 22 51 60
01760 13/11/2015 10 24 25 36 47 48
01761 14/11/2015 09 10 36 50 53 55
01762 18/11/2015 26 32 42 45 55 59
01763 21/11/2015 09 12 15 21 31 36
01764 25/11/2015 06 07 29 39 41 55
01765 28/11/2015 01 06 28 37 56 58
01766 02/12/2015 22 23 41 46 53 60
01767 05/12/2015 16 26 35 39 44 45
01768 09/12/2015 05 07 11 34 35 50
01769 12/12/2015 32 37 44 47 54 60
01770 16/12/2015 11 16 27 30 34 41
01771 19/12/2015 02 20 27 28 32 38
01772 22/12/2015 12 19 27 39 41 45
01773 24/12/2015 15 30 39 41 45 59
01774 26/12/2015 01 12 20 30 52 60
01775 31/12/2015 02 18 31 42 51 56
01776 02/01/2016 10 11 14 19 39 48
01777 06/01/2016 04 19 38 44 52 55
01778 09/01/2016 04 10 38 40 45 48
01779 12/01/2016 12 25 30 39 56 57
01780 14/01/2016 06 20 22 31 33 34
01781 16/01/2016 01 08 22 49 52 53
01782 20/01/2016 06 18 34 47 52 57
01783 23/01/2016 04 06 16 18 21 38
01784 27/01/2016 04 15 26 30 54 55
01785 30/01/2016 05 11 27 41 42 54
01786 02/02/2016 02 06 08 21 25 34
01787 04/02/2016 01 05 13 25 26 29
01788 06/02/2016 03 13 42 45 56 59
01789 10/02/2016 06 25 43 57 58 59
01790 13/02/2016 11 13 26 27 28 50
01791 17/02/2016 12 18 46 50 53 55
01792 20/02/2016 02 16 17 18 41 47
01793 24/02/2016 13 14 22 54 56 58
01794 27/02/2016 01 05 34 37 40 60
01795 02/03/2016 30 42 47 50 55 58
01796 05/03/2016 22 23 34 48 53 54
01797 08/03/2016 02 13 14 35 54 57
01798 10/03/2016 02 09 23 28 45 53
01799 12/03/2016 01 03 04 39 51 53
01800 16/03/2016 06 11 16 19 31 56
01801 19/03/2016 06 19 34 43 45 54
01802 23/03/2016 02 06 13 14 17 44
01803 26/03/2016 04 08 29 38 49 50
01804 30/03/2016 20 21 28 48 50 59
01805 02/04/2016 17 22 27 31 49 57
01806 06/04/2016 11 20 35 42 55 58
01807 09/04/2016 01 15 16 22 25 43
01808 13/04/2015 02 14 20 25 41 45
01809 16/04/2016 09 12 23 24 46 54
01810 20/04/2016 01 10 25 43 50 56
01811 23/04/2016 05 17 32 35 37 57
01812 27/04/2016 20 23 32 34 37 45
01813 30/04/2016 09 11 13 15 19 51
01814 03/05/2016 09 11 27 46 51 53
01815 05/05/2016 08 11 25 39 41 60
01816 07/05/2016 05 10 12 22 28 46
01817 11/05/2016 01 04 26 39 47 55
01818 14/05/2016 02 06 10 15 53 56
01819 18/05/2016 17 18 26 30 33 37
01820 21/05/2016 03 19 23 27 40 45
01821 25/05/2016 19 22 31 36 52 53
01822 28/05/2016 01 22 26 43 50 53
01823 01/06/2016 04 09 21 34 54 59
01824 04/06/2016 05 06 12 19 30 60
01825 07/06/2016 10 11 21 50 51 54
01826 09/06/2016 17 19 32 43 48 51
01827 11/06/2016 26 33 42 43 53 54
01828 15/06/2016 06 11 32 40 48 59
01829 18/06/2016 07 13 24 30 32 53
01830 22/06/2016 03 07 29 37 54 60
01831 25/06/2016 15 27 28 32 48 55
01832 29/06/2016 14 34 46 47 56 57
01833 02/07/2016 02 03 07 16 27 42
01834 05/07/2016 02 17 22 24 48 51
01835 09/07/2016 08 28 36 47 50 58
01836 12/07/2016 08 15 18 45 59 60
01837 14/07/2016 41 44 48 50 54 57
01838 16/07/2016 05 08 24 30 57 59
01839 20/07/2016 07 22 28 32 56 58
01840 23/07/2016 15 17 33 41 47 48
01841 27/07/2016 03 06 13 38 49 51
01842 30/07/2016 16 18 22 24 34 43
01843 03/08/2016 08 26 28 33 41 54
01844 06/08/2016 03 04 37 39 48 50
01845 09/08/2016 03 09 13 29 30 51
01846 11/08/2016 06 24 26 30 34 49
01847 13/08/2016 01 06 45 49 50 57
01848 17/08/2016 09 40 41 50 55 58
01849 20/08/2016 03 05 11 27 35 44
01850 24/08/2016 23 24 32 38 40 41
01851 27/08/2016 08 18 21 22 35 37
01852 31/08/2016 13 17 29 45 49 50
01853 03/09/2016 01 02 34 49 41 45
01854 08/09/2016 25 30 31 34 43 59
01855 10/09/2016 06 10 15 24 38 39
01856 14/09/2016 02 09 14 22 32 37
01857 17/09/2016 13 23 25 35 52 53
01858 20/09/2016 22 28 30 33 55 59
01859 22/09/2016 01 13 14 21 26 51
01860 24/09/2016 10 30 36 40 44 60
01861 28/09/2016 02 04 09 35 45 60
01862 01/10/2016 02 08 35 42 49 56
01863 05/10/2016 16 23 45 56 58 59
01864 08/10/2016 04 05 14 37 40 60
01865 13/10/2016 01 05 31 32 37 42
01866 15/10/2016 14 17 36 38 44 60
01867 18/10/2016 03 10 17 21 22 43
01868 20/10/2016 01 05 23 25 28 31
01869 22/10/2016 11 23 24 26 40 52
01870 26/10/2016 18 20 30 32 33 40
01871 29/10/2016 03 11 17 33 52 58
01872 03/11/2016 11 13 25 39 46 56
01873 05/11/2016 05 25 28 41 53 54
01874 08/11/2016 10 28 37 43 44 47
01875 10/11/2016 01 45 47 52 53 55
01876 12/11/2016 07 18 39 41 44 51
01877 16/11/2016 13 16 23 24 32 35
01878 19/11/2016 12 16 26 40 56 57
01879 23/11/2016 05 10 20 57 58 59
01880 26/11/2016 05 16 19 37 51 56
01881 30/11/2016 03 10 30 44 53 56
01882 03/12/2016 09 10 19 35 37 41
01883 07/12/2016 16 27 28 47 59 60
01884 10/12/2016 01 04 23 32 38 59
01885 14/12/2016 07 14 18 23 32 59
01886 17/12/2016 03 07 15 40 45 54
01887 20/12/2016 11 23 34 41 46 56
01888 22/12/2016 01 10 17 18 45 48
01889 24/12/2016 16 23 25 28 30 44
01890 31/12/2016 05 11 22 24 51 53
01891 04/01/2017 01 03 19 23 47 58
01892 07/01/2017 06 17 22 30 37 50
01893 11/01/2017 16 17 19 28 45 58
01894 14/01/2017 21 31 35 53 54 57
01895 18/01/2017 02 03 05 10 15 34
01896 21/01/2017 03 06 14 15 21 25
01897 25/01/2017 09 22 25 47 52 58
01898 28/01/2017 12 34 45 53 55 58
01899 01/02/2017 20 23 35 36 44 48
01900 04/02/2017 08 11 27 28 43 46
01901 08/02/2017 11 12 26 30 37 53
01902 11/02/2017 02 07 09 18 21 25
01903 15/02/2017 09 10 15 28 43 45
01904 18/02/2017 12 15 18 21 51 56
01905 21/02/2017 29 35 43 54 56 57
01906 23/02/2017 06 27 33 39 40 60
01907 25/02/2017 03 25 35 38 44 48
01908 01/03/2017 04 10 13 23 27 57
01909 04/03/2017 11 40 43 45 47 57
01910 08/03/2017 06 09 15 22 39 48
01911 11/03/2017 16 18 23 30 32 33
01912 15/03/2017 10 13 33 35 36 42
01913 18/03/2017 04 14 17 43 52 56
01914 22/03/2017 16 29 33 39 42 44
01915 25/03/2017 02 20 21 33 48 57
01916 29/03/2017 03 09 18 23 50 52
01917 01/04/2017 04 21 25 33 36 46
01918 05/05/2017 16 17 20 22 38 50
01919 08/04/2017 11 28 37 45 54 60
01920 12/04/2017 25 31 33 39 43 45
01921 15/04/2017 10 15 16 19 28 35
01922 19/04/2017 20 22 36 38 41 43
01923 22/04/2017 09 34 42 45 46 59
01924 26/04/2017 12 16 30 52 53 58
01925 29/04/2017 01 17 38 43 45 47
01926 03/05/2017 02 03 14 20 30 46
01927 06/05/2017 05 11 13 19 30 31
01928 09/05/2017 10 26 28 51 53 59
01929 11/05/2017 03 10 23 36 43 52
01930 13/05/2017 04 17 18 37 52 56
01931 17/05/2017 02 08 09 15 22 34
01932 20/05/2017 10 16 21 29 44 55
01933 24/05/2017 02 14 15 19 35 59
01934 27/05/2017 08 23 35 39 56 59
01935 31/05/2017 01 03 10 17 23 24
01936 03/06/2017 03 12 24 40 51 52
01937 07/06/2017 06 10 24 29 43 55
01938 10/06/2017 10 16 32 40 42 54
01939 14/06/2017 07 24 29 39 45 52
01940 21/06/2017 01 09 24 38 48 49
01941 24/06/2017 06 18 20 24 43 48
01942 26/06/2017 06 18 20 24 43 48
01943 28/06/2017 09 11 12 30 38 43
01944 01/07/2017 08 09 38 47 57 59
01945 04/07/2017 04 08 10 21 45 54
01946 06/07/2017 04 06 39 44 52 60
01947 08/07/2017 08 33 40 52 55 59
01948 12/07/2017 12 20 24 28 33 57
01949 15/07/2017 01 06 14 22 30 56
01950 19/07/2017 10 21 32 34 48 57
01951 22/07/2017 14 16 19 21 33 55
01952 26/07/2017 09 21 36 38 52 53
01953 29/07/2017 09 26 29 42 43 45
01954 02/08/2017 09 25 33 35 40 49
01955 05/08/2017 15 27 33 36 41 45
01956 08/08/2017 05 08 20 28 40 45
01957 10/08/2017 02 14 22 23 29 47
01958 12/08/2017 15 20 22 24 34 55
01959 16/08/2017 08 21 27 35 43 56
01960 19/08/2017 01 18 25 37 39 43
01961 19/08/2017 17 25 26 30 32 50
01962 26/08/2017 05 06 15 25 39 53
01963 30/08/2017 04 05 07 34 42 60
01964 02/09/2017 02 27 32 36 48 50
01965 06/09/2017 26 28 35 38 48 55
01966 09/09/2017 10 13 19 32 40 60
01967 13/09/2017 13 30 32 39 46 54
01968 16/09/2017 35 36 39 44 48 52
01969 19/09/2017 08 20 30 32 48 59
01970 21/09/2017 05 10 18 24 39 52
01971 23/09/2017 04 10 41 44 52 54
01972 27/09/2017 09 16 20 54 57 59
01973 30/09/2017 01 12 16 17 52 60
01974 04/10/2017 04 19 27 38 54 57
01975 07/10/2017 08 11 24 26 47 57
01976 11/10/2017 12 14 19 25 52 59
01977 14/10/2017 03 16 28 32 34 37
01978 17/10/2017 02 06 22 44 55 57
01979 19/10/2017 22 23 29 32 38 45
01980 21/10/2017 12 16 17 18 34 37
01981 25/10/2017 06 15 19 37 39 53
01982 28/10/2017 04 14 20 24 46 50
01983 01/11/2017 05 06 10 14 22 36
01984 04/11/2017 21 29 32 35 43 50
01985 07/11/2017 09 28 29 34 36 55
01986 09/11/2017 23 36 43 44 55 56
01987 11/11/2017 10 14 31 34 45 58
01988 18/11/2017 05 10 39 42 46 54
01989 18/11/2017 15 22 30 32 40 58
01990 22/11/2017 11 24 26 34 37 59
01991 25/11/2017 19 20 28 34 36 44
01992 29/11/2017 05 11 13 21 53 54
01993 02/12/2017 06 17 33 48 50 57
01994 06/12/2017 02 05 12 32 40 44
01995 09/12/2017 14 26 29 35 37 39
01996 13/12/2017 07 20 21 24 40 56
01997 16/12/2017 01 07 14 31 35 46
01998 19/12/2017 08 21 24 25 52 57
01999 21/12/2017 15 37 38 42 49 50
02000 31/12/2017 03 06 10 17 34 37
02001 03/01/2018 20 22 36 42 52 60
02002 06/01/2018 04 28 30 38 46 59
02003 10/01/2018 28 34 40 43 50 51
02004 13/01/2018 01 05 14 23 35 45
02005 17/01/2018 11 19 22 33 34 53
02006 20/01/2018 01 09 14 20 25 54
02007 24/01/2018 04 14 39 41 54 58
02008 27/01/2018 22 27 33 42 58 59
02009 31/01/2018 01 37 44 46 48 50
02010 03/02/2018 08 10 18 34 39 56
02011 06/02/2018 02 28 32 35 54 58
02012 08/02/2018 08 11 27 35 36 51
02013 10/02/2018 06 23 30 36 53 56
02014 14/02/2018 16 32 40 46 53 56
02015 17/02/2018 17 18 27 32 39 58
02016 21/01/2018 04 11 17 18 21 48
02017 24/02/2018 02 10 11 24 38 56
02018 28/02/2018 11 22 25 27 55 59
02019 03/03/2018 23 41 46 52 54 59
02020 07/03/2018 02 36 46 48 57 60
02021 10/03/2018 07 14 32 37 40 60
02022 14/03/2018 04 28 45 48 52 60
02023 17/03/2018 01 06 07 08 23 56
02024 21/03/2018 16 20 23 29 35 47
02025 24/03/2018 04 24 46 52 55 56
02026 28/03/2018 10 23 31 33 51 52
02027 31/03/2018 11 15 29 37 39 44
02028 04/04/2018 07 11 24 36 42 58
02029 07/04/2018 06 15 18 33 37 40
02030 11/04/2018 04 27 38 40 58 59
02031 14/04/2018 18 23 37 39 50 55
02032 17/04/2018 06 14 19 20 39 53
02033 20/04/2018 10 18 33 38 40 43
02034 25/04/2018 06 07 13 17 22 56
02035 28/04/2018 30 35 36 38 49 52
02036 02/05/2018 07 08 19 23 27 58
02037 05/05/2018 14 16 23 30 45 60
02038 08/05/2018 06 25 26 35 38 40
02039 10/05/2018 06 12 22 28 31 44
02040 12/05/2018 06 09 41 54 56 58
02041 16/05/2018 10 12 22 25 42 54
02042 19/05/2018 14 22 29 32 33 35
02043 23/05/2018 21 38 53 56 57 58
02044 26/05/2018 07 14 47 54 56 60
02045 30/05/2018 15 25 27 45 46 50
02046 02/06/2018 03 06 11 27 28 46
02047 06/06/2018 01 18 19 29 44 54
02048 09/06/2018 10 19 26 35 38 39
02049 13/06/2018 10 19 27 31 51 53
02050 16/06/2018 08 31 32 33 38 50
02051 20/06/2018 01 05 06 37 44 53
02052 23/06/2018 50 51 56 57 58 59
02053 27/06/2018 12 22 27 37 40 55
02054 30/06/2018 04 07 12 22 26 39
02055 03/07/2018 06 25 35 43 46 53
02056 05/07/2018 18 22 29 34 36 47
02057 07/07/2018 10 13 20 37 38 54
02058 11/07/2018 04 19 23 29 56 59
02059 14/07/2018 04 05 36 40 44 56
02060 18/07/2018 08 09 11 25 39 41
02061 21/07/2018 33 36 40 44 45 54
02062 25/07/2018 08 10 15 23 25 34
02063 28/07/2018 06 10 19 24 25 29
02064 01/08/2018 10 14 36 53 55 60
02065 04/08/2018 04 11 20 30 37 43
02066 08/08/2018 06 25 27 35 45 55
02067 11/08/2018 02 11 13 26 32 59
02068 14/08/2018 03 05 09 40 42 47
02069 16/08/2018 03 17 34 35 40 48
02070 18/08/2018 05 26 27 34 42 48
02071 22/08/2018 24 33 34 35 46 60
02072 25/08/2018 10 12 13 20 22 54
02073 29/08/2018 12 15 18 30 52 55
02074 01/09/2018 08 18 23 37 42 58
02075 05/09/2018 07 09 23 33 57 59
02076 08/09/2018 05 06 12 15 22 43
02077 12/09/2018 13 16 26 35 37 39
02078 15/09/2018 02 11 15 30 36 39
02079 18/09/2018 01 02 14 37 55 58
02080 20/09/2018 10 22 40 46 55 58
02081 22/09/2018 13 18 35 40 41 42
02082 26/09/2018 06 25 33 42 48 49
02083 29/09/2018 01 18 19 33 56 60
02084 03/10/2018 07 20 26 37 38 39
02085 06/10/2018 12 21 25 37 38 49
02086 10/10/2018 04 35 43 46 47 53
02087 13/10/2018 02 18 19 23 34 53
02088 17/10/2018 03 14 24 27 38 56
02089 20/10/2018 05 10 32 38 48 49
02090 23/10/2018 08 11 18 37 40 51
02091 25/10/2018 10 11 12 37 38 59
02092 27/10/2018 11 13 15 17 22 27
02093 31/10/2018 08 14 27 34 52 54
02094 03/11/2018 04 16 19 31 33 44
02095 07/11/2018 16 29 35 43 49 56
02096 10/11/2018 06 11 13 19 24 51
02097 14/11/2018 09 24 28 45 49 51
02098 17/11/2018 02 08 18 27 38 60
02099 21/11/2018 05 15 20 27 30 58
02100 24/11/2018 01 10 11 13 35 49
02101 28/11/2018 02 08 18 37 56 58
02102 01/12/2018 04 06 17 34 51 57
02103 04/12/2018 03 13 40 44 46 50
02104 06/12/2018 02 10 12 27 45 56
02105 08/12/2018 11 13 16 24 31 46
02106 12/12/2018 03 27 36 39 40 43
02107 15/12/2018 08 38 44 50 56 60
02108 18/12/2018 19 22 29 41 44 59
02109 20/12/2018 04 12 16 34 44 49
02110 31/12/2018 05 10 12 18 25 33
02111 02/01/2019 01 41 44 46 54 58
02112 05/01/2019 17 39 43 46 52 53
02113 09/01/2019 11 14 21 25 46 50
02114 12/01/2019 17 25 30 35 42 57
02115 15/01/2019 04 19 27 35 40 44
02116 17/01/2019 01 09 19 21 34 54
02117 19/01/2019 04 28 29 30 43 52
02118 23/01/2019 11 12 20 40 41 46
02119 26/01/2019 19 21 26 31 42 49
02120 30/01/2019 13 20 24 25 38 41
02121 02/02/2019 08 10 17 29 37 40
02122 06/02/2019 03 11 15 21 27 49
02123 09/02/2019 14 15 47 50 56 59
02124 13/02/2019 02 11 20 31 43 47
02125 16/02/2019 01 31 44 46 53 58
02126 20/02/2019 07 12 24 27 39 58
02127 23/02/2019 01 07 28 30 44 46
02128 26/02/2019 11 16 24 46 54 55
02129 28/02/2019 06 12 31 32 46 60
02130 02/03/2019 13 16 36 53 54 55
02131 06/03/2019 02 03 06 18 20 28
02132 09/03/2019 05 18 30 35 39 60
02133 13/03/2019 19 20 26 51 52 57
02134 16/03/2019 06 21 34 46 54 59
02135 20/03/2019 09 23 28 40 48 59
02136 23/03/2019 01 08 11 22 30 35
02137 27/03/2019 01 02 11 12 34 49
02138 30/03/2019 04 13 14 21 30 34
02139 03/04/2019 14 23 29 41 57 58
02140 06/04/2019 17 20 26 36 42 54
02141 10/04/2019 10 11 17 19 37 41
02142 13/04/2019 07 40 44 50 52 57
02143 17/04/2019 02 12 35 51 57 58
02144 20/04/2019 07 16 21 33 55 60
02145 24/04/2019 06 08 28 51 53 59
02146 27/04/2019 16 18 31 39 42 44
02147 02/05/2019 17 19 37 41 42 49
02148 04/05/2019 08 15 32 33 58 59
02149 08/05/2019 21 23 37 44 46 48
02150 11/05/2019 23 24 26 38 42 49
02151 15/05/2019 02 14 18 29 36 38
02152 18/05/2019 26 29 36 49 50 59
02153 22/05/2019 08 13 28 31 32 33
02154 25/05/2019 07 25 41 47 50 53
02155 29/05/2019 02 06 27 37 44 47
02156 01/06/2019 01 06 23 26 39 49
02157 05/06/2019 31 33 34 35 39 48
02158 08/06/2019 09 27 35 45 46 59
02159 12/06/2019 14 26 35 38 45 53
02160 15/06/2019 01 19 46 47 49 53
02161 19/06/2019 08 09 10 24 42 44
02162 22/06/2019 11 16 22 30 34 42
02163 26/06/2019 08 18 20 24 36 45
02164 29/06/2019 16 17 25 47 48 58
02165 03/07/2019 05 37 43 49 54 56
02166 06/07/2019 03 19 34 44 56 58
02167 09/07/2019 27 37 38 43 45 54
02168 11/07/2019 01 04 25 27 29 37
02169 13/07/2019 07 34 45 51 54 59
02170 17/07/2019 10 21 24 36 38 51
02171 20/07/2019 12 13 19 36 44 55
02172 24/07/2019 09 24 28 37 43 57
02173 27/07/2019 02 09 42 44 48 50
02174 31/07/2019 10 15 34 36 56 60
02175 03/08/2019 07 25 32 43 53 55
02176 06/08/2019 08 23 25 39 43 44
02177 08/08/2019 09 11 14 31 48 51
02178 10/08/2019 02 16 21 42 50 56
02179 14/08/2019 02 13 24 35 50 54
02180 17/08/2019 10 12 16 21 28 38
02181 21/08/2019 01 08 19 33 36 48
02182 24/08/2019 19 22 39 46 47 59
02183 28/08/2019 13 26 30 34 43 51
02184 31/08/2019 15 36 45 51 52 59
02185 04/09/2019 09 18 19 22 42 47
02186 09/09/2019 12 18 19 27 41 46
02187 11/09/2019 10 11 16 21 46 50
02188 14/09/2019 02 17 21 28 51 60
02189 18/09/2019 04 11 16 22 29 33
02190 21/09/2019 05 09 20 25 35 53
02191 24/09/2019 04 08 26 33 46 53
02192 26/09/2019 07 16 37 53 57 59
02193 28/09/2019 07 08 22 27 29 42
02194 02/10/2019 08 16 20 21 31 34
02195 05/10/2019 14 24 32 38 46 53
02196 09/10/2019 01 25 27 28 41 56
02197 14/10/2019 03 11 29 35 44 57
02198 16/10/2019 01 11 34 36 44 56
02199 19/10/2019 15 23 30 35 38 44
02200 22/10/2019 11 15 28 36 43 55
02201 24/10/2019 03 13 23 41 49 53
02202 26/10/2019 11 29 37 38 43 60
02203 30/10/2019 17 34 46 49 50 57
02204 04/11/2019 01 28 29 32 35 56
02205 06/11/2019 12 21 28 37 42 57
02206 09/11/2019 06 27 38 42 45 57
02207 13/11/2019 06 10 11 43 53 55
02208 16/11/2019 16 25 30 40 45 49
02209 20/11/2019 22 25 28 32 33 47
02210 23/11/2019 11 17 24 25 33 34
02211 27/11/2019 27 36 40 41 44 54
02212 30/11/2019 23 26 51 52 53 58
02213 04/12/2019 05 07 10 32 46 60
02214 07/12/2019 04 10 18 30 34 47
02215 11/12/2019 01 19 21 23 33 43
02216 14/12/2019 10 24 42 43 48 49
02217 17/12/2019 10 14 16 30 32 36
02218 19/12/2019 06 16 22 38 48 52
02219 21/12/2019 08 28 36 45 57 59
02220 31/12/2019 03 35 38 40 57 58
02221 04/01/2020 05 23 34 45 56 57
02222 08/01/2020 13 14 29 30 48 59
02223 11/01/2020 02 26 40 42 49 56
02224 15/01/2020 16 23 32 50 52 58
02225 18/01/2020 01 32 37 44 46 47
02226 21/01/2020 02 04 07 16 30 38
02227 23/01/2020 06 09 12 27 32 57
02228 25/01/2020 09 19 23 32 39 45
02229 29/01/2020 06 11 29 40 41 58
02230 01/02/2020 07 17 26 39 56 60
02231 05/02/2020 04 13 25 40 53 57
02232 08/02/2020 07 08 31 34 38 47
02233 12/02/2020 04 06 32 35 41 45
02234 15/02/2020 04 21 27 29 42 47
02235 19/02/2020 14 18 30 35 55 57
02236 22/02/2020 07 20 38 43 45 53
02237 27/02/2020 11 20 27 28 53 60
02238 29/02/2020 11 36 45 55 57 58
02239 04/03/2020 07 27 31 39 45 46
02240 07/03/2020 07 09 10 19 25 58
02241 10/03/2020 01 13 18 26 40 56
02242 12/03/2020 05 09 18 24 25 42
02243 14/03/2020 14 18 28 35 38 54
02244 18/03/2020 03 05 11 34 37 42
02245 21/03/2020 11 14 15 18 33 34
02246 25/03/2020 05 09 24 27 33 46
02247 28/03/2020 01 42 44 47 48 53
02248 01/04/2020 09 15 20 29 30 42
02249 04/04/2020 04 09 31 47 49 53
02250 08/04/2020 27 33 39 52 57 58
02251 11/04/2020 05 15 22 26 54 58
02252 15/04/2020 01 17 30 37 46 50
02253 18/04/2020 31 32 33 39 52 55
02254 22/04/2020 04 09 24 44 47 56
02255 25/04/2020 15 20 39 41 49 57
02256 29/04/2020 09 10 30 37 47 54
02257 02/05/2020 18 21 30 31 34 51
02258 05/05/2020 01 05 07 14 23 26
02259 07/05/2020 20 27 41 54 56 58
02260 09/05/2020 12 14 34 35 37 47
02261 13/05/2020 07 23 26 27 29 51
02262 16/05/2020 07 08 14 23 30 46
02263 20/05/2020 09 24 33 43 49 57
02264 23/05/2020 02 03 08 19 29 37
02265 27/05/2020 14 20 23 39 46 50
02266 30/05/2020 10 23 31 37 58 59
02267 03/06/2020 20 32 33 48 49 53
02268 06/06/2020 04 13 23 28 30 52
02269 10/06/2020 01 11 14 23 29 55
02270 13/06/2020 14 16 38 39 41 48
02271 17/06/2020 06 10 27 28 41 52
02272 20/06/2020 02 05 11 24 41 49
02273 24/06/2020 15 16 20 38 40 58
02274 27/06/2020 08 11 17 33 40 55
02275 01/07/2020 02 04 25 36 50 53
02276 04/07/2020 05 15 18 27 49 57
02277 08/07/2020 10 22 23 37 53 60
02278 11/07/2020 08 17 34 37 43 45
02279 14/07/2020 05 12 14 20 27 28
02280 16/07/2020 28 29 31 50 58 59
02281 18/07/2020 14 27 35 40 50 55
02282 22/07/2020 12 27 30 36 45 52
02283 25/07/2020 04 24 37 43 59 60
02284 29/07/2020 04 10 12 14 36 46
02285 01/08/2020 01 07 10 12 33 42
02286 05/08/2020 09 21 30 41 42 43
02287 08/08/2020 02 04 06 29 41 56
02288 11/08/2020 02 26 35 39 40 56
02289 13/08/2020 06 09 34 37 38 45
02290 15/08/2020 05 18 36 44 57 60
02291 19/08/2020 12 26 31 36 37 49
02292 22/08/2020 06 16 18 33 42 57
02293 26/08/2020 01 02 10 37 42 48
02294 29/08/2020 09 15 20 33 41 43
02295 02/09/2020 06 13 26 28 35 41
02296 05/09/2020 01 06 21 29 36 59
02297 09/09/2020 20 22 35 40 41 59
02298 12/09/2020 13 17 21 31 41 49
02299 15/09/2020 02 03 19 40 44 60
02300 17/09/2020 09 21 37 39 43 54
02301 19/09/2020 17 18 35 36 47 52
02302 23/09/2020 18 22 25 27 43 44
02303 26/09/2020 03 07 17 20 48 50
02304 30/09/2020 12 21 29 54 56 57
02305 03/10/2020 07 16 22 38 55 57
02306 07/10/2020 03 19 28 33 57 58
02307 10/10/2020 16 33 38 46 53 55
02308 14/10/2020 09 13 26 38 58 60
02309 17/10/2020 09 11 29 30 33 60
02310 20/10/2020 13 17 28 29 42 53
02311 22/10/2020 03 05 09 35 43 60
02312 24/10/2020 03 27 39 46 47 60
02313 28/10/2020 03 20 26 45 49 58
02314 31/10/2020 06 07 28 42 45 49
02315 04/11/2020 01 10 17 26 30 53
02316 07/11/2020 02 11 43 49 52 56
02317 11/11/2020 03 08 30 33 35 48
02318 14/11/2020 28 44 52 54 58 60
02319 18/11/2020 06 17 25 35 40 49
02320 21/11/2020 06 30 35 39 42 48
02321 25/11/2020 14 25 28 41 43 46
02322 28/11/2020 02 05 10 29 34 41
02323 02/12/2020 20 27 35 39 50 59
02324 05/12/2020 02 16 19 31 43 60
02325 08/12/2020 33 34 37 46 52 60
02326 10/12/2020 10 16 27 34 36 57
02327 12/12/2020 30 37 45 54 57 58
02328 16/12/2020 08 11 14 39 48 53
02329 19/12/2020 12 14 28 42 45 55
02330 31/12/2020 17 20 22 35 41 42
02331 02/01/2021 11 13 16 36 53 57
02332 06/01/2021 12 33 35 36 44 52
02333 09/01/2021 09 16 31 41 53 55
02334 13/01/2021 04 13 20 22 25 60
02335 16/01/2021 09 18 23 42 47 49
02336 20/01/2021 08 10 20 27 28 50
02337 23/01/2021 02 09 34 49 51 55
02338 26/01/2021 08 21 23 34 42 47
02339 28/01/2021 04 18 29 47 48 59
02340 30/01/2021 16 21 28 41 49 51
02341 03/02/2021 04 09 31 32 42 46
02342 06/02/2021 17 20 24 27 40 60
02343 10/02/2021 04 31 42 45 49 56
02344 13/02/2021 11 17 25 38 52 57
02345 17/02/2021 07 16 19 22 28 55
02346 20/02/2021 03 04 11 40 42 58
02347 24/02/2021 08 09 17 30 58 60
02348 27/02/2021 02 03 07 48 51 54
02349 03/03/2021 05 10 25 32 49 54
02350 06/03/2021 25 28 29 34 41 45
02351 10/03/2021 19 22 35 41 47 49
02352 13/03/2021 09 17 38 41 49 55
02353 17/03/2021 03 19 34 41 48 53
02354 20/03/2021 06 18 25 30 42 54
02355 24/03/2021 07 30 31 41 50 56
02356 27/03/2021 03 10 25 36 51 58
02357 31/03/2021 19 28 30 34 40 51
02358 03/04/2021 05 09 11 16 43 57
02359 06/04/2021 31 32 39 42 43 51
02360 08/04/2021 10 15 21 24 29 45
02361 10/04/2021 14 21 22 29 35 46
02362 14/04/2021 03 20 22 32 35 50
02363 17/04/2021 06 14 24 34 39 58
02364 22/04/2021 20 33 43 44 51 56
02365 24/04/2021 01 17 28 37 44 50
02366 28/04/2021 04 27 33 35 38 41
02367 30/04/2021 05 23 29 34 53 60
02368 04/05/2021 04 07 13 25 36 58
02369 06/05/2021 04 09 17 19 37 60
02370 08/05/2021 07 31 37 42 44 56
02371 12/05/2021 04 15 30 36 39 48
02372 15/05/2021 03 19 25 44 46 57
02373 19/05/2021 23 24 26 44 49 60 
02374 22/05/2021 12 13 25 37 39 41 
02375 26/05/2021 02 06 44 46 53 58 
02376 29/05/2021 12 14 17 18 19 22 
02377 02/06/2021 05 18 29 35 43 44 
02378 05/06/2021 11 37 38 41 49 54 
02379 09/06/2021 02 08 26 32 46 56 
02380 12/06/2021 11 16 20 24 39 53
02381 16/06/2021 07 23 32 41 42 47 
02382 19/06/2021 06 09 19 38 53 55 
02383 23/06/2021 13 15 16 20 40 41 
02384 26/06/2021 09 13 22 25 26 31 
02385 29/06/2021 12 24 32 37 43 60 
02386 01/07/2021 11 13 16 35 49 50 
02387 03/07/2021 08 26 30 31 38 48 
02388 07/07/2021 08 30 33 37 45 48 
02389 10/07/2021 16 30 37 39 40 51 
02390 14/07/2021 09 13 20 22 32 56 
02391 17/07/2021 05 08 13 27 36 50 
02392 21/07/2021 11 15 23 25 34 53 
02393 24/07/2021 26 27 28 32 38 51 
02394 28/07/2021 05 16 25 36 42 44 
02395 31/07/2021 04 11 12 44 45 57 
02396 04/08/2021 02 03 25 39 42 49 
02397 07/08/2021 06 14 20 39 46 48
02398 10/08/2021 08 17 30 36 54 59 
02399 12/08/2021 27 35 42 44 51 52 
02400 14/08/2021 09 21 25 26 36 53 
02401 18/08/2021 08 11 13 33 38 48 
02402 21/08/2021 06 22 25 29 30 60 
02403 25/08/2021 10 12 14 32 33 34 
02404 28/08/2021 01 19 35 40 47 54 